[([[0       , 0       , 0.50000018, 0       , 0       ,
        0.49999982, 0       , 0       , 0       , 0       ],
       [0       , 0       , 0       , 0.19811575, 0.49999974,
        0.30188451, 0       , 0       , 0       , 0       ],
       [0.5       , 0       , 0       , 0       , 0.5       ,
        0       , 0       , 0       , 0       , 0       ],
       [0       , 0.19811604, 0       , 0       , 0       ,
        0.19811604, 0.30138301, 0.30138301, 0.00100191, 0       ],
       [0       , 0.49999982, 0.50000018, 0       , 0       ,
        0       , 0       , 0       , 0       , 0       ],
       [0.49999974, 0.30188451, 0       , 0.19811575, 0       ,
        0       , 0       , 0       , 0       , 0       ],
       [0       , 0       , 0       , 0.30138273, 0       ,
        0       , 0       , 0.69861727, 0       , 0       ],
       [0       , 0       , 0       , 0.30138273, 0       ,
        0       , 0.69861727, 0       , 0       , 0       ],
       [0       , 0       , 0       , 0.00100184, 0       ,
        0       , 0       , 0       , 0       , 0.99899816],
       [0       , 0       , 0       , 0       , 0       ,
        0       , 0       , 0       , 1.        , 0       ]]), ([[0       , 0.43672453, 0       , 0       , 0.56327547,
        0       , 0       , 0       , 0       , 0       ],
       [0.43672453, 0       , 0       , 0.56327547, 0       ,
        0       , 0       , 0       , 0       , 0       ],
       [0       , 0       , 0       , 0.43672453, 0.43672453,
        0       , 0       , 0       , 0.12655094, 0       ],
       [0       , 0.56327547, 0.43672453, 0       , 0       ,
        0       , 0       , 0       , 0       , 0       ],
       [0.56327547, 0       , 0.43672453, 0       , 0       ,
        0       , 0       , 0       , 0       , 0       ],
       [0       , 0       , 0       , 0       , 0       ,
        0       , 0.78163773, 0       , 0.21836227, 0       ],
       [0       , 0       , 0       , 0       , 0       ,
        0.78163773, 0       , 0       , 0.21836227, 0       ],
       [0       , 0       , 0       , 0       , 0       ,
        0       , 0       , 0       , 0.21836227, 0.78163773],
       [0       , 0       , 0.12655094, 0       , 0       ,
        0.21836227, 0.21836227, 0.21836227, 0       , 0.21836227],
       [0       , 0       , 0       , 0       , 0       ,
        0       , 0       , 0.78163773, 0.21836227, 0       ]]), ([[0       , 0       , 0       , 0       , 0       ,
        0       , 0       , 0       , 0       , 1.        ],
       [0       , 0       , 0.33338938, 0       , 0       ,
        0       , 0.66661062, 0       , 0       , 0       ],
       [0       , 0.33338938, 0       , 0.66661062, 0       ,
        0       , 0       , 0       , 0       , 0       ],
       [0       , 0       , 0.66661074, 0       , 0.33338926,
        0       , 0       , 0       , 0       , 0       ],
       [0       , 0       , 0       , 0.33338925, 0       ,
        0.16648504, 0.33338925, 0.16673647, 0       , 0       ],
       [0       , 0       , 0       , 0       , 0.16648529,
        0       , 0       , 0.33288638, 0.49962332, 0.00100501],
       [0       , 0.66661074, 0       , 0       , 0.33338926,
        0       , 0       , 0       , 0       , 0       ],
       [0       , 0       , 0       , 0       , 0.16673655,
        0.33288606, 0       , 0       , 0.50037738, 0       ],
       [0       , 0       , 0       , 0       , 0       ,
        0.49962273, 0       , 0.50037727, 0       , 0       ],
       [0.99899523, 0       , 0       , 0       , 0       ,
        0.00100477, 0       , 0       , 0       , 0       ]]), ([[0       , 0       , 0       , 0.50000018, 0       ,
        0       , 0.49999982, 0       , 0       , 0       ],
       [0       , 0       , 0       , 0       , 0.49999974,
        0.19811575, 0.30188451, 0       , 0       , 0       ],
       [0       , 0       , 0       , 0       , 0       ,
        0       , 0       , 0       , 0       , 1.        ],
       [0.5       , 0       , 0       , 0       , 0.5       ,
        0       , 0       , 0       , 0       , 0       ],
       [0       , 0.49999982, 0       , 0.50000018, 0       ,
        0       , 0       , 0       , 0       , 0       ],
       [0       , 0.19811604, 0       , 0       , 0       ,
        0       , 0.19811604, 0.30138301, 0.30138301, 0.00100191],
       [0.49999974, 0.30188451, 0       , 0       , 0       ,
        0.19811575, 0       , 0       , 0       , 0       ],
       [0       , 0       , 0       , 0       , 0       ,
        0.30138273, 0       , 0       , 0.69861727, 0       ],
       [0       , 0       , 0       , 0       , 0       ,
        0.30138273, 0       , 0.69861727, 0       , 0       ],
       [0       , 0       , 0.99899816, 0       , 0       ,
        0.00100184, 0       , 0       , 0       , 0       ]]), ([[0       , 0.50000018, 0       , 0       , 0       ,
        0       , 0.49999982, 0       , 0       , 0       ],
       [0.5       , 0       , 0       , 0.5       , 0       ,
        0       , 0       , 0       , 0       , 0       ],
       [0       , 0       , 0       , 0.49999974, 0.19811575,
        0       , 0.30188451, 0       , 0       , 0       ],
       [0       , 0.50000018, 0.49999982, 0       , 0       ,
        0       , 0       , 0       , 0       , 0       ],
       [0       , 0       , 0.19811604, 0       , 0       ,
        0.30138301, 0.19811604, 0.30138301, 0       , 0.00100191],
       [0       , 0       , 0       , 0       , 0.30138273,
        0       , 0       , 0.69861727, 0       , 0       ],
       [0.49999974, 0       , 0.30188451, 0       , 0.19811575,
        0       , 0       , 0       , 0       , 0       ],
       [0       , 0       , 0       , 0       , 0.30138273,
        0.69861727, 0       , 0       , 0       , 0       ],
       [0       , 0       , 0       , 0       , 0       ,
        0       , 0       , 0       , 0       , 1.        ],
       [0       , 0       , 0       , 0       , 0.00100184,
        0       , 0       , 0       , 0.99899816, 0       ]]), ([[0       , 0.50000018, 0       , 0       , 0       ,
        0       , 0       , 0       , 0.49999982, 0       ],
       [0.5       , 0       , 0.5       , 0       , 0       ,
        0       , 0       , 0       , 0       , 0       ],
       [0       , 0.50000018, 0       , 0       , 0       ,
        0       , 0       , 0.49999982, 0       , 0       ],
       [0       , 0       , 0       , 0       , 0.30138273,
        0.69861727, 0       , 0       , 0       , 0       ],
       [0       , 0       , 0       , 0.30138301, 0       ,
        0.30138301, 0.00100191, 0.19811604, 0.19811604, 0       ],
       [0       , 0       , 0       , 0.69861727, 0.30138273,
        0       , 0       , 0       , 0       , 0       ],
       [0       , 0       , 0       , 0       , 0.00100184,
        0       , 0       , 0       , 0       , 0.99899816],
       [0       , 0       , 0.49999974, 0       , 0.19811575,
        0       , 0       , 0       , 0.30188451, 0       ],
       [0.49999974, 0       , 0       , 0       , 0.19811575,
        0       , 0       , 0.30188451, 0       , 0       ],
       [0       , 0       , 0       , 0       , 0       ,
        0       , 1.        , 0       , 0       , 0       ]]), ([[0       , 0       , 0.16673647, 0       , 0.33338925,
        0.16648504, 0.33338925, 0       , 0       , 0       ],
       [0       , 0       , 0       , 0.33338938, 0       ,
        0       , 0.66661062, 0       , 0       , 0       ],
       [0.16673655, 0       , 0       , 0       , 0       ,
        0.33288606, 0       , 0.50037738, 0       , 0       ],
       [0       , 0.33338938, 0       , 0       , 0.66661062,
        0       , 0       , 0       , 0       , 0       ],
       [0.33338926, 0       , 0       , 0.66661074, 0       ,
        0       , 0       , 0       , 0       , 0       ],
       [0.16648529, 0       , 0.33288638, 0       , 0       ,
        0       , 0       , 0.49962332, 0.00100501, 0       ],
       [0.33338926, 0.66661074, 0       , 0       , 0       ,
        0       , 0       , 0       , 0       , 0       ],
       [0       , 0       , 0.50037727, 0       , 0       ,
        0.49962273, 0       , 0       , 0       , 0       ],
       [0       , 0       , 0       , 0       , 0       ,
        0.00100477, 0       , 0       , 0       , 0.99899523],
       [0       , 0       , 0       , 0       , 0       ,
        0       , 0       , 0       , 1.        , 0       ]]), ([[0       , 0.33338938, 0       , 0       , 0       ,
        0.66661062, 0       , 0       , 0       , 0       ],
       [0.33338938, 0       , 0       , 0.66661062, 0       ,
        0       , 0       , 0       , 0       , 0       ],
       [0       , 0       , 0       , 0.33338925, 0.16648504,
        0.33338925, 0.16673647, 0       , 0       , 0       ],
       [0       , 0.66661074, 0.33338926, 0       , 0       ,
        0       , 0       , 0       , 0       , 0       ],
       [0       , 0       , 0.16648529, 0       , 0       ,
        0       , 0.33288638, 0.49962332, 0.00100501, 0       ],
       [0.66661074, 0       , 0.33338926, 0       , 0       ,
        0       , 0       , 0       , 0       , 0       ],
       [0       , 0       , 0.16673655, 0       , 0.33288606,
        0       , 0       , 0.50037738, 0       , 0       ],
       [0       , 0       , 0       , 0       , 0.49962273,
        0       , 0.50037727, 0       , 0       , 0       ],
       [0       , 0       , 0       , 0       , 0.00100477,
        0       , 0       , 0       , 0       , 0.99899523],
       [0       , 0       , 0       , 0       , 0       ,
        0       , 0       , 0       , 1.        , 0       ]]), ([[0       , 0.50000018, 0       , 0       , 0       ,
        0       , 0       , 0       , 0.49999982, 0       ],
       [0.5       , 0       , 0       , 0.5       , 0       ,
        0       , 0       , 0       , 0       , 0       ],
       [0       , 0       , 0       , 0       , 0       ,
        0.30138301, 0.19811604, 0.30138301, 0.19811604, 0.00100191],
       [0       , 0.50000018, 0       , 0       , 0       ,
        0       , 0.49999982, 0       , 0       , 0       ],
       [0       , 0       , 0       , 0       , 0       ,
        0       , 0       , 0       , 0       , 1.        ],
       [0       , 0       , 0.30138273, 0       , 0       ,
        0       , 0       , 0.69861727, 0       , 0       ],
       [0       , 0       , 0.19811575, 0.49999974, 0       ,
        0       , 0       , 0       , 0.30188451, 0       ],
       [0       , 0       , 0.30138273, 0       , 0       ,
        0.69861727, 0       , 0       , 0       , 0       ],
       [0.49999974, 0       , 0.19811575, 0       , 0       ,
        0       , 0.30188451, 0       , 0       , 0       ],
       [0       , 0       , 0.00100184, 0       , 0.99899816,
        0       , 0       , 0       , 0       , 0       ]]), ([[0       , 0       , 0       , 0.19811604, 0       ,
        0       , 0.30138301, 0.30138301, 0.00100191, 0.19811604],
       [0       , 0       , 0.50000018, 0       , 0       ,
        0       , 0       , 0       , 0       , 0.49999982],
       [0       , 0.5       , 0       , 0       , 0       ,
        0.5       , 0       , 0       , 0       , 0       ],
       [0.19811575, 0       , 0       , 0       , 0       ,
        0.49999974, 0       , 0       , 0       , 0.30188451],
       [0       , 0       , 0       , 0       , 0       ,
        0       , 0       , 0       , 1.        , 0       ],
       [0       , 0       , 0.50000018, 0.49999982, 0       ,
        0       , 0       , 0       , 0       , 0       ],
       [0.30138273, 0       , 0       , 0       , 0       ,
        0       , 0       , 0.69861727, 0       , 0       ],
       [0.30138273, 0       , 0       , 0       , 0       ,
        0       , 0.69861727, 0       , 0       , 0       ],
       [0.00100184, 0       , 0       , 0       , 0.99899816,
        0       , 0       , 0       , 0       , 0       ],
       [0.19811575, 0.49999974, 0       , 0.30188451, 0       ,
        0       , 0       , 0       , 0       , 0       ]]), ([[0       , 0       , 0       , 0.19811575, 0.49999974,
        0       , 0       , 0       , 0.30188451, 0       ],
       [0       , 0       , 0.50000018, 0       , 0       ,
        0       , 0       , 0       , 0.49999982, 0       ],
       [0       , 0.5       , 0       , 0       , 0.5       ,
        0       , 0       , 0       , 0       , 0       ],
       [0.19811604, 0       , 0       , 0       , 0       ,
        0.30138301, 0.30138301, 0.00100191, 0.19811604, 0       ],
       [0.49999982, 0       , 0.50000018, 0       , 0       ,
        0       , 0       , 0       , 0       , 0       ],
       [0       , 0       , 0       , 0.30138273, 0       ,
        0       , 0.69861727, 0       , 0       , 0       ],
       [0       , 0       , 0       , 0.30138273, 0       ,
        0.69861727, 0       , 0       , 0       , 0       ],
       [0       , 0       , 0       , 0.00100184, 0       ,
        0       , 0       , 0       , 0       , 0.99899816],
       [0.30188451, 0.49999974, 0       , 0.19811575, 0       ,
        0       , 0       , 0       , 0       , 0       ],
       [0       , 0       , 0       , 0       , 0       ,
        0       , 0       , 1.        , 0       , 0       ]]), ([[0       , 0       , 0       , 0       , 0.50000018,
        0       , 0       , 0       , 0       , 0.49999982],
       [0       , 0       , 0       , 0.19811604, 0       ,
        0       , 0.30138301, 0.30138301, 0.00100191, 0.19811604],
       [0       , 0       , 0       , 0       , 0       ,
        0       , 0       , 0       , 1.        , 0       ],
       [0       , 0.19811575, 0       , 0       , 0       ,
        0.49999974, 0       , 0       , 0       , 0.30188451],
       [0.5       , 0       , 0       , 0       , 0       ,
        0.5       , 0       , 0       , 0       , 0       ],
       [0       , 0       , 0       , 0.49999982, 0.50000018,
        0       , 0       , 0       , 0       , 0       ],
       [0       , 0.30138273, 0       , 0       , 0       ,
        0       , 0       , 0.69861727, 0       , 0       ],
       [0       , 0.30138273, 0       , 0       , 0       ,
        0       , 0.69861727, 0       , 0       , 0       ],
       [0       , 0.00100184, 0.99899816, 0       , 0       ,
        0       , 0       , 0       , 0       , 0       ],
       [0.49999974, 0.19811575, 0       , 0.30188451, 0       ,
        0       , 0       , 0       , 0       , 0       ]]), ([[0       , 0       , 0       , 0.33338938, 0       ,
        0.66661062, 0       , 0       , 0       , 0       ],
       [0       , 0       , 0.16648504, 0       , 0.33338925,
        0.33338925, 0.16673647, 0       , 0       , 0       ],
       [0       , 0.16648529, 0       , 0       , 0       ,
        0       , 0.33288638, 0.49962332, 0.00100501, 0       ],
       [0.33338938, 0       , 0       , 0       , 0.66661062,
        0       , 0       , 0       , 0       , 0       ],
       [0       , 0.33338926, 0       , 0.66661074, 0       ,
        0       , 0       , 0       , 0       , 0       ],
       [0.66661074, 0.33338926, 0       , 0       , 0       ,
        0       , 0       , 0       , 0       , 0       ],
       [0       , 0.16673655, 0.33288606, 0       , 0       ,
        0       , 0       , 0.50037738, 0       , 0       ],
       [0       , 0       , 0.49962273, 0       , 0       ,
        0       , 0.50037727, 0       , 0       , 0       ],
       [0       , 0       , 0.00100477, 0       , 0       ,
        0       , 0       , 0       , 0       , 0.99899523],
       [0       , 0       , 0       , 0       , 0       ,
        0       , 0       , 0       , 1.        , 0       ]]), ([[0       , 0       , 0.50000018, 0       , 0       ,
        0.49999982, 0       , 0       , 0       , 0       ],
       [0       , 0       , 0       , 0.49999974, 0       ,
        0.30188451, 0.19811575, 0       , 0       , 0       ],
       [0.5       , 0       , 0       , 0.5       , 0       ,
        0       , 0       , 0       , 0       , 0       ],
       [0       , 0.49999982, 0.50000018, 0       , 0       ,
        0       , 0       , 0       , 0       , 0       ],
       [0       , 0       , 0       , 0       , 0       ,
        0       , 0.30138273, 0.69861727, 0       , 0       ],
       [0.49999974, 0.30188451, 0       , 0       , 0       ,
        0       , 0.19811575, 0       , 0       , 0       ],
       [0       , 0.19811604, 0       , 0       , 0.30138301,
        0.19811604, 0       , 0.30138301, 0.00100191, 0       ],
       [0       , 0       , 0       , 0       , 0.69861727,
        0       , 0.30138273, 0       , 0       , 0       ],
       [0       , 0       , 0       , 0       , 0       ,
        0       , 0.00100184, 0       , 0       , 0.99899816],
       [0       , 0       , 0       , 0       , 0       ,
        0       , 0       , 0       , 1.        , 0       ]]), ([[0       , 0       , 0.33338938, 0       , 0.66661062,
        0       , 0       , 0       , 0       , 0       ],
       [0       , 0       , 0       , 0       , 0       ,
        0       , 0       , 0       , 1.        , 0       ],
       [0.33338938, 0       , 0       , 0.66661062, 0       ,
        0       , 0       , 0       , 0       , 0       ],
       [0       , 0       , 0.66661074, 0       , 0       ,
        0.33338926, 0       , 0       , 0       , 0       ],
       [0.66661074, 0       , 0       , 0       , 0       ,
        0.33338926, 0       , 0       , 0       , 0       ],
       [0       , 0       , 0       , 0.33338925, 0.33338925,
        0       , 0.16648504, 0       , 0       , 0.16673647],
       [0       , 0       , 0       , 0       , 0       ,
        0.16648529, 0       , 0.49962332, 0.00100501, 0.33288638],
       [0       , 0       , 0       , 0       , 0       ,
        0       , 0.49962273, 0       , 0       , 0.50037727],
       [0       , 0.99899523, 0       , 0       , 0       ,
        0       , 0.00100477, 0       , 0       , 0       ],
       [0       , 0       , 0       , 0       , 0       ,
        0.16673655, 0.33288606, 0.50037738, 0       , 0       ]]), ([[0       , 0.33338938, 0       , 0       , 0       ,
        0       , 0       , 0.66661062, 0       , 0       ],
       [0.33338938, 0       , 0       , 0.66661062, 0       ,
        0       , 0       , 0       , 0       , 0       ],
       [0       , 0       , 0       , 0       , 0       ,
        0       , 0       , 0       , 0       , 1.        ],
       [0       , 0.66661074, 0       , 0       , 0.33338926,
        0       , 0       , 0       , 0       , 0       ],
       [0       , 0       , 0       , 0.33338925, 0       ,
        0.16673647, 0.16648504, 0.33338925, 0       , 0       ],
       [0       , 0       , 0       , 0       , 0.16673655,
        0       , 0.33288606, 0       , 0.50037738, 0       ],
       [0       , 0       , 0       , 0       , 0.16648529,
        0.33288638, 0       , 0       , 0.49962332, 0.00100501],
       [0.66661074, 0       , 0       , 0       , 0.33338926,
        0       , 0       , 0       , 0       , 0       ],
       [0       , 0       , 0       , 0       , 0       ,
        0.50037727, 0.49962273, 0       , 0       , 0       ],
       [0       , 0       , 0.99899523, 0       , 0       ,
        0       , 0.00100477, 0       , 0       , 0       ]]), ([[0       , 0       , 0.50000018, 0       , 0       ,
        0       , 0       , 0       , 0       , 0.49999982],
       [0       , 0       , 0       , 0       , 0       ,
        0       , 0       , 0       , 1.        , 0       ],
       [0.5       , 0       , 0       , 0       , 0.5       ,
        0       , 0       , 0       , 0       , 0       ],
       [0       , 0       , 0       , 0       , 0.49999974,
        0       , 0.19811575, 0       , 0       , 0.30188451],
       [0       , 0       , 0.50000018, 0.49999982, 0       ,
        0       , 0       , 0       , 0       , 0       ],
       [0       , 0       , 0       , 0       , 0       ,
        0       , 0.30138273, 0.69861727, 0       , 0       ],
       [0       , 0       , 0       , 0.19811604, 0       ,
        0.30138301, 0       , 0.30138301, 0.00100191, 0.19811604],
       [0       , 0       , 0       , 0       , 0       ,
        0.69861727, 0.30138273, 0       , 0       , 0       ],
       [0       , 0.99899816, 0       , 0       , 0       ,
        0       , 0.00100184, 0       , 0       , 0       ],
       [0.49999974, 0       , 0       , 0.30188451, 0       ,
        0       , 0.19811575, 0       , 0       , 0       ]]), ([[0       , 0.50000018, 0       , 0       , 0       ,
        0.49999982, 0       , 0       , 0       , 0       ],
       [0.5       , 0       , 0       , 0.5       , 0       ,
        0       , 0       , 0       , 0       , 0       ],
       [0       , 0       , 0       , 0       , 0       ,
        0       , 0       , 0       , 0       , 1.        ],
       [0       , 0.50000018, 0       , 0       , 0.49999982,
        0       , 0       , 0       , 0       , 0       ],
       [0       , 0       , 0       , 0.49999974, 0       ,
        0.30188451, 0       , 0       , 0.19811575, 0       ],
       [0.49999974, 0       , 0       , 0       , 0.30188451,
        0       , 0       , 0       , 0.19811575, 0       ],
       [0       , 0       , 0       , 0       , 0       ,
        0       , 0       , 0.69861727, 0.30138273, 0       ],
       [0       , 0       , 0       , 0       , 0       ,
        0       , 0.69861727, 0       , 0.30138273, 0       ],
       [0       , 0       , 0       , 0       , 0.19811604,
        0.19811604, 0.30138301, 0.30138301, 0       , 0.00100191],
       [0       , 0       , 0.99899816, 0       , 0       ,
        0       , 0       , 0       , 0.00100184, 0       ]]), ([[0.00000000e+00, 0.00000000e+00, 1.00000000e+00, 0.00000000e+00,
        0.00000000e+00, 0.00000000e+00, 0.00000000e+00, 0.00000000e+00,
        0.00000000e+00, 0.00000000e+00],
       [0.00000000e+00, 0.00000000e+00, 0.00000000e+00, 0.00000000e+00,
        1.00000000e+00, 0.00000000e+00, 0.00000000e+00, 0.00000000e+00,
        0.00000000e+00, 0.00000000e+00],
       [1.00000000e+00, 0.00000000e+00, 0.00000000e+00, 0.00000000e+00,
        0.00000000e+00, 0.00000000e+00, 0.00000000e+00, 0.00000000e+00,
        0.00000000e+00, 0.00000000e+00],
       [0.00000000e+00, 0.00000000e+00, 0.00000000e+00, 0.00000000e+00,
        0.00000000e+00, 0.00000000e+00, 0.00000000e+00, 0.00000000e+00,
        0.00000000e+00, 1.00000000e+00],
       [0.00000000e+00, 3.33500288e-01, 0.00000000e+00, 0.00000000e+00,
        0.00000000e+00, 0.00000000e+00, 3.33249856e-01, 3.33249856e-01,
        0.00000000e+00, 0.00000000e+00],
       [0.00000000e+00, 0.00000000e+00, 0.00000000e+00, 0.00000000e+00,
        0.00000000e+00, 0.00000000e+00, 0.00000000e+00, 0.00000000e+00,
        0.00000000e+00, 1.00000000e+00],
       [0.00000000e+00, 0.00000000e+00, 0.00000000e+00, 0.00000000e+00,
        9.99249416e-01, 0.00000000e+00, 0.00000000e+00, 0.00000000e+00,
        0.00000000e+00, 7.50584194e-04],
       [0.00000000e+00, 0.00000000e+00, 0.00000000e+00, 0.00000000e+00,
        9.99249416e-01, 0.00000000e+00, 0.00000000e+00, 0.00000000e+00,
        0.00000000e+00, 7.50584194e-04],
       [0.00000000e+00, 0.00000000e+00, 0.00000000e+00, 0.00000000e+00,
        0.00000000e+00, 0.00000000e+00, 0.00000000e+00, 0.00000000e+00,
        0.00000000e+00, 1.00000000e+00],
       [0.00000000e+00, 0.00000000e+00, 0.00000000e+00, 3.33166546e-01,
        0.00000000e+00, 3.33166546e-01, 2.50181266e-04, 2.50181266e-04,
        3.33166546e-01, 0.00000000e+00]]), ([[0       , 0.50000018, 0       , 0       , 0       ,
        0       , 0       , 0       , 0       , 0.49999982],
       [0.5       , 0       , 0       , 0.5       , 0       ,
        0       , 0       , 0       , 0       , 0       ],
       [0       , 0       , 0       , 0.49999974, 0       ,
        0       , 0       , 0       , 0.19811575, 0.30188451],
       [0       , 0.50000018, 0.49999982, 0       , 0       ,
        0       , 0       , 0       , 0       , 0       ],
       [0       , 0       , 0       , 0       , 0       ,
        0.69861727, 0       , 0       , 0.30138273, 0       ],
       [0       , 0       , 0       , 0       , 0.69861727,
        0       , 0       , 0       , 0.30138273, 0       ],
       [0       , 0       , 0       , 0       , 0       ,
        0       , 0       , 1.        , 0       , 0       ],
       [0       , 0       , 0       , 0       , 0       ,
        0       , 0.99899816, 0       , 0.00100184, 0       ],
       [0       , 0       , 0.19811604, 0       , 0.30138301,
        0.30138301, 0       , 0.00100191, 0       , 0.19811604],
       [0.49999974, 0       , 0.30188451, 0       , 0       ,
        0       , 0       , 0       , 0.19811575, 0       ]]), ([[0       , 0       , 0       , 0       , 0.19811575,
        0.49999974, 0       , 0.30188451, 0       , 0       ],
       [0       , 0       , 0.50000018, 0       , 0       ,
        0       , 0       , 0.49999982, 0       , 0       ],
       [0       , 0.5       , 0       , 0       , 0       ,
        0.5       , 0       , 0       , 0       , 0       ],
       [0       , 0       , 0       , 0       , 0       ,
        0       , 0       , 0       , 0       , 1.        ],
       [0.19811604, 0       , 0       , 0       , 0       ,
        0       , 0.30138301, 0.19811604, 0.30138301, 0.00100191],
       [0.49999982, 0       , 0.50000018, 0       , 0       ,
        0       , 0       , 0       , 0       , 0       ],
       [0       , 0       , 0       , 0       , 0.30138273,
        0       , 0       , 0       , 0.69861727, 0       ],
       [0.30188451, 0.49999974, 0       , 0       , 0.19811575,
        0       , 0       , 0       , 0       , 0       ],
       [0       , 0       , 0       , 0       , 0.30138273,
        0       , 0.69861727, 0       , 0       , 0       ],
       [0       , 0       , 0       , 0.99899816, 0.00100184,
        0       , 0       , 0       , 0       , 0       ]]), ([[0       , 0       , 0       , 0       , 0       ,
        0       , 0       , 1.        , 0       , 0       ],
       [0       , 0       , 0.33338938, 0       , 0.66661062,
        0       , 0       , 0       , 0       , 0       ],
       [0       , 0.33338938, 0       , 0.66661062, 0       ,
        0       , 0       , 0       , 0       , 0       ],
       [0       , 0       , 0.66661074, 0       , 0       ,
        0       , 0       , 0       , 0.33338926, 0       ],
       [0       , 0.66661074, 0       , 0       , 0       ,
        0       , 0       , 0       , 0.33338926, 0       ],
       [0       , 0       , 0       , 0       , 0       ,
        0       , 0.50037738, 0       , 0.16673655, 0.33288606],
       [0       , 0       , 0       , 0       , 0       ,
        0.50037727, 0       , 0       , 0       , 0.49962273],
       [0.99899523, 0       , 0       , 0       , 0       ,
        0       , 0       , 0       , 0       , 0.00100477],
       [0       , 0       , 0       , 0.33338925, 0.33338925,
        0.16673647, 0       , 0       , 0       , 0.16648504],
       [0       , 0       , 0       , 0       , 0       ,
        0.33288638, 0.49962332, 0.00100501, 0.16648529, 0       ]]), ([[0       , 0       , 0.33338938, 0       , 0       ,
        0       , 0.66661062, 0       , 0       , 0       ],
       [0       , 0       , 0       , 0       , 0       ,
        0       , 0       , 0       , 0       , 1.        ],
       [0.33338938, 0       , 0       , 0       , 0.66661062,
        0       , 0       , 0       , 0       , 0       ],
       [0       , 0       , 0       , 0       , 0.33338925,
        0.16673647, 0.33338925, 0.16648504, 0       , 0       ],
       [0       , 0       , 0.66661074, 0.33338926, 0       ,
        0       , 0       , 0       , 0       , 0       ],
       [0       , 0       , 0       , 0.16673655, 0       ,
        0       , 0       , 0.33288606, 0.50037738, 0       ],
       [0.66661074, 0       , 0       , 0.33338926, 0       ,
        0       , 0       , 0       , 0       , 0       ],
       [0       , 0       , 0       , 0.16648529, 0       ,
        0.33288638, 0       , 0       , 0.49962332, 0.00100501],
       [0       , 0       , 0       , 0       , 0       ,
        0.50037727, 0       , 0.49962273, 0       , 0       ],
       [0       , 0.99899523, 0       , 0       , 0       ,
        0       , 0       , 0.00100477, 0       , 0       ]]), ([[0       , 0       , 0       , 0       , 0.16673647,
        0.33338925, 0.16648504, 0.33338925, 0       , 0       ],
       [0       , 0       , 0       , 0       , 0       ,
        0       , 0       , 0       , 0       , 1.        ],
       [0       , 0       , 0       , 0.33338938, 0       ,
        0       , 0       , 0.66661062, 0       , 0       ],
       [0       , 0       , 0.33338938, 0       , 0       ,
        0.66661062, 0       , 0       , 0       , 0       ],
       [0.16673655, 0       , 0       , 0       , 0       ,
        0       , 0.33288606, 0       , 0.50037738, 0       ],
       [0.33338926, 0       , 0       , 0.66661074, 0       ,
        0       , 0       , 0       , 0       , 0       ],
       [0.16648529, 0       , 0       , 0       , 0.33288638,
        0       , 0       , 0       , 0.49962332, 0.00100501],
       [0.33338926, 0       , 0.66661074, 0       , 0       ,
        0       , 0       , 0       , 0       , 0       ],
       [0       , 0       , 0       , 0       , 0.50037727,
        0       , 0.49962273, 0       , 0       , 0       ],
       [0       , 0.99899523, 0       , 0       , 0       ,
        0       , 0.00100477, 0       , 0       , 0       ]]), ([[0       , 0.33338938, 0       , 0       , 0.66661062,
        0       , 0       , 0       , 0       , 0       ],
       [0.33338938, 0       , 0.66661062, 0       , 0       ,
        0       , 0       , 0       , 0       , 0       ],
       [0       , 0.66661074, 0       , 0       , 0       ,
        0.33338926, 0       , 0       , 0       , 0       ],
       [0       , 0       , 0       , 0       , 0       ,
        0.16673655, 0       , 0.50037738, 0       , 0.33288606],
       [0.66661074, 0       , 0       , 0       , 0       ,
        0.33338926, 0       , 0       , 0       , 0       ],
       [0       , 0       , 0.33338925, 0.16673647, 0.33338925,
        0       , 0       , 0       , 0       , 0.16648504],
       [0       , 0       , 0       , 0       , 0       ,
        0       , 0       , 0       , 1.        , 0       ],
       [0       , 0       , 0       , 0.50037727, 0       ,
        0       , 0       , 0       , 0       , 0.49962273],
       [0       , 0       , 0       , 0       , 0       ,
        0       , 0.99899523, 0       , 0       , 0.00100477],
       [0       , 0       , 0       , 0.33288638, 0       ,
        0.16648529, 0       , 0.49962332, 0.00100501, 0       ]]), ([[0       , 0       , 0.16648504, 0       , 0       ,
        0.33338925, 0.33338925, 0.16673647, 0       , 0       ],
       [0       , 0       , 0       , 0.33338938, 0       ,
        0       , 0.66661062, 0       , 0       , 0       ],
       [0.16648529, 0       , 0       , 0       , 0       ,
        0       , 0       , 0.33288638, 0.49962332, 0.00100501],
       [0       , 0.33338938, 0       , 0       , 0       ,
        0.66661062, 0       , 0       , 0       , 0       ],
       [0       , 0       , 0       , 0       , 0       ,
        0       , 0       , 0       , 0       , 1.        ],
       [0.33338926, 0       , 0       , 0.66661074, 0       ,
        0       , 0       , 0       , 0       , 0       ],
       [0.33338926, 0.66661074, 0       , 0       , 0       ,
        0       , 0       , 0       , 0       , 0       ],
       [0.16673655, 0       , 0.33288606, 0       , 0       ,
        0       , 0       , 0       , 0.50037738, 0       ],
       [0       , 0       , 0.49962273, 0       , 0       ,
        0       , 0       , 0.50037727, 0       , 0       ],
       [0       , 0       , 0.00100477, 0       , 0.99899523,
        0       , 0       , 0       , 0       , 0       ]]), ([[0       , 0       , 0       , 0       , 0       ,
        0       , 0       , 0       , 1.        , 0       ],
       [0       , 0       , 0       , 0.50000018, 0.49999982,
        0       , 0       , 0       , 0       , 0       ],
       [0       , 0       , 0       , 0       , 0.30188451,
        0.49999974, 0       , 0       , 0       , 0.19811575],
       [0       , 0.5       , 0       , 0       , 0       ,
        0.5       , 0       , 0       , 0       , 0       ],
       [0       , 0.49999974, 0.30188451, 0       , 0       ,
        0       , 0       , 0       , 0       , 0.19811575],
       [0       , 0       , 0.49999982, 0.50000018, 0       ,
        0       , 0       , 0       , 0       , 0       ],
       [0       , 0       , 0       , 0       , 0       ,
        0       , 0       , 0.69861727, 0       , 0.30138273],
       [0       , 0       , 0       , 0       , 0       ,
        0       , 0.69861727, 0       , 0       , 0.30138273],
       [0.99899816, 0       , 0       , 0       , 0       ,
        0       , 0       , 0       , 0       , 0.00100184],
       [0       , 0       , 0.19811604, 0       , 0.19811604,
        0       , 0.30138301, 0.30138301, 0.00100191, 0       ]]), ([[0       , 0       , 0       , 0.50000018, 0       ,
        0       , 0       , 0.49999982, 0       , 0       ],
       [0       , 0       , 0       , 0       , 0       ,
        0       , 0       , 0       , 1.        , 0       ],
       [0       , 0       , 0       , 0       , 0.49999974,
        0       , 0       , 0.30188451, 0       , 0.19811575],
       [0.5       , 0       , 0       , 0       , 0.5       ,
        0       , 0       , 0       , 0       , 0       ],
       [0       , 0       , 0.49999982, 0.50000018, 0       ,
        0       , 0       , 0       , 0       , 0       ],
       [0       , 0       , 0       , 0       , 0       ,
        0       , 0.69861727, 0       , 0       , 0.30138273],
       [0       , 0       , 0       , 0       , 0       ,
        0.69861727, 0       , 0       , 0       , 0.30138273],
       [0.49999974, 0       , 0.30188451, 0       , 0       ,
        0       , 0       , 0       , 0       , 0.19811575],
       [0       , 0.99899816, 0       , 0       , 0       ,
        0       , 0       , 0       , 0       , 0.00100184],
       [0       , 0       , 0.19811604, 0       , 0       ,
        0.30138301, 0.30138301, 0.19811604, 0.00100191, 0       ]]), ([[0       , 0.50000018, 0       , 0       , 0       ,
        0       , 0.49999982, 0       , 0       , 0       ],
       [0.5       , 0       , 0.5       , 0       , 0       ,
        0       , 0       , 0       , 0       , 0       ],
       [0       , 0.50000018, 0       , 0.49999982, 0       ,
        0       , 0       , 0       , 0       , 0       ],
       [0       , 0       , 0.49999974, 0       , 0       ,
        0       , 0.30188451, 0       , 0       , 0.19811575],
       [0       , 0       , 0       , 0       , 0       ,
        0       , 0       , 0.69861727, 0       , 0.30138273],
       [0       , 0       , 0       , 0       , 0       ,
        0       , 0       , 0       , 1.        , 0       ],
       [0.49999974, 0       , 0       , 0.30188451, 0       ,
        0       , 0       , 0       , 0       , 0.19811575],
       [0       , 0       , 0       , 0       , 0.69861727,
        0       , 0       , 0       , 0       , 0.30138273],
       [0       , 0       , 0       , 0       , 0       ,
        0.99899816, 0       , 0       , 0       , 0.00100184],
       [0       , 0       , 0       , 0.19811604, 0.30138301,
        0       , 0.19811604, 0.30138301, 0.00100191, 0       ]]), ([[0       , 0.33338938, 0       , 0.66661062, 0       ,
        0       , 0       , 0       , 0       , 0       ],
       [0.33338938, 0       , 0.66661062, 0       , 0       ,
        0       , 0       , 0       , 0       , 0       ],
       [0       , 0.66661074, 0       , 0       , 0.33338926,
        0       , 0       , 0       , 0       , 0       ],
       [0.66661074, 0       , 0       , 0       , 0.33338926,
        0       , 0       , 0       , 0       , 0       ],
       [0       , 0       , 0.33338925, 0.33338925, 0       ,
        0.16673647, 0       , 0.16648504, 0       , 0       ],
       [0       , 0       , 0       , 0       , 0.16673655,
        0       , 0       , 0.33288606, 0.50037738, 0       ],
       [0       , 0       , 0       , 0       , 0       ,
        0       , 0       , 0       , 0       , 1.        ],
       [0       , 0       , 0       , 0       , 0.16648529,
        0.33288638, 0       , 0       , 0.49962332, 0.00100501],
       [0       , 0       , 0       , 0       , 0       ,
        0.50037727, 0       , 0.49962273, 0       , 0       ],
       [0       , 0       , 0       , 0       , 0       ,
        0       , 0.99899523, 0.00100477, 0       , 0       ]]), ([[0       , 0       , 0       , 0       , 0       ,
        0       , 0       , 0       , 0       , 1.        ],
       [0       , 0       , 0       , 0       , 0.16648504,
        0.16673647, 0.33338925, 0.33338925, 0       , 0       ],
       [0       , 0       , 0       , 0.33338938, 0       ,
        0       , 0       , 0.66661062, 0       , 0       ],
       [0       , 0       , 0.33338938, 0       , 0       ,
        0       , 0.66661062, 0       , 0       , 0       ],
       [0       , 0.16648529, 0       , 0       , 0       ,
        0.33288638, 0       , 0       , 0.49962332, 0.00100501],
       [0       , 0.16673655, 0       , 0       , 0.33288606,
        0       , 0       , 0       , 0.50037738, 0       ],
       [0       , 0.33338926, 0       , 0.66661074, 0       ,
        0       , 0       , 0       , 0       , 0       ],
       [0       , 0.33338926, 0.66661074, 0       , 0       ,
        0       , 0       , 0       , 0       , 0       ],
       [0       , 0       , 0       , 0       , 0.49962273,
        0.50037727, 0       , 0       , 0       , 0       ],
       [0.99899523, 0       , 0       , 0       , 0.00100477,
        0       , 0       , 0       , 0       , 0       ]]), ([[0       , 0       , 0       , 0.33338925, 0       ,
        0.33338925, 0.16648504, 0.16673647, 0       , 0       ],
       [0       , 0       , 0.33338938, 0       , 0       ,
        0.66661062, 0       , 0       , 0       , 0       ],
       [0       , 0.33338938, 0       , 0.66661062, 0       ,
        0       , 0       , 0       , 0       , 0       ],
       [0.33338926, 0       , 0.66661074, 0       , 0       ,
        0       , 0       , 0       , 0       , 0       ],
       [0       , 0       , 0       , 0       , 0       ,
        0       , 0       , 0       , 0       , 1.        ],
       [0.33338926, 0.66661074, 0       , 0       , 0       ,
        0       , 0       , 0       , 0       , 0       ],
       [0.16648529, 0       , 0       , 0       , 0       ,
        0       , 0       , 0.33288638, 0.49962332, 0.00100501],
       [0.16673655, 0       , 0       , 0       , 0       ,
        0       , 0.33288606, 0       , 0.50037738, 0       ],
       [0       , 0       , 0       , 0       , 0       ,
        0       , 0.49962273, 0.50037727, 0       , 0       ],
       [0       , 0       , 0       , 0       , 0.99899523,
        0       , 0.00100477, 0       , 0       , 0       ]]), ([[0       , 0.33338938, 0       , 0       , 0.66661062,
        0       , 0       , 0       , 0       , 0       ],
       [0.33338938, 0       , 0       , 0.66661062, 0       ,
        0       , 0       , 0       , 0       , 0       ],
       [0       , 0       , 0       , 0       , 0       ,
        0       , 0.16673655, 0.50037738, 0.33288606, 0       ],
       [0       , 0.66661074, 0       , 0       , 0       ,
        0       , 0.33338926, 0       , 0       , 0       ],
       [0.66661074, 0       , 0       , 0       , 0       ,
        0       , 0.33338926, 0       , 0       , 0       ],
       [0       , 0       , 0       , 0       , 0       ,
        0       , 0       , 0       , 0       , 1.        ],
       [0       , 0       , 0.16673647, 0.33338925, 0.33338925,
        0       , 0       , 0       , 0.16648504, 0       ],
       [0       , 0       , 0.50037727, 0       , 0       ,
        0       , 0       , 0       , 0.49962273, 0       ],
       [0       , 0       , 0.33288638, 0       , 0       ,
        0       , 0.16648529, 0.49962332, 0       , 0.00100501],
       [0       , 0       , 0       , 0       , 0       ,
        0.99899523, 0       , 0       , 0.00100477, 0       ]]), ([[0       , 0.16648504, 0       , 0       , 0       ,
        0.33338925, 0.33338925, 0.16673647, 0       , 0       ],
       [0.16648529, 0       , 0       , 0       , 0       ,
        0       , 0       , 0.33288638, 0.49962332, 0.00100501],
       [0       , 0       , 0       , 0.33338938, 0       ,
        0       , 0.66661062, 0       , 0       , 0       ],
       [0       , 0       , 0.33338938, 0       , 0       ,
        0.66661062, 0       , 0       , 0       , 0       ],
       [0       , 0       , 0       , 0       , 0       ,
        0       , 0       , 0       , 0       , 1.        ],
       [0.33338926, 0       , 0       , 0.66661074, 0       ,
        0       , 0       , 0       , 0       , 0       ],
       [0.33338926, 0       , 0.66661074, 0       , 0       ,
        0       , 0       , 0       , 0       , 0       ],
       [0.16673655, 0.33288606, 0       , 0       , 0       ,
        0       , 0       , 0       , 0.50037738, 0       ],
       [0       , 0.49962273, 0       , 0       , 0       ,
        0       , 0       , 0.50037727, 0       , 0       ],
       [0       , 0.00100477, 0       , 0       , 0.99899523,
        0       , 0       , 0       , 0       , 0       ]]), ([[0       , 0       , 0       , 0       , 0       ,
        0.16673655, 0       , 0.50037738, 0.33288606, 0       ],
       [0       , 0       , 0       , 0.33338938, 0       ,
        0       , 0.66661062, 0       , 0       , 0       ],
       [0       , 0       , 0       , 0       , 0       ,
        0       , 0       , 0       , 0       , 1.        ],
       [0       , 0.33338938, 0       , 0       , 0.66661062,
        0       , 0       , 0       , 0       , 0       ],
       [0       , 0       , 0       , 0.66661074, 0       ,
        0.33338926, 0       , 0       , 0       , 0       ],
       [0.16673647, 0       , 0       , 0       , 0.33338925,
        0       , 0.33338925, 0       , 0.16648504, 0       ],
       [0       , 0.66661074, 0       , 0       , 0       ,
        0.33338926, 0       , 0       , 0       , 0       ],
       [0.50037727, 0       , 0       , 0       , 0       ,
        0       , 0       , 0       , 0.49962273, 0       ],
       [0.33288638, 0       , 0       , 0       , 0       ,
        0.16648529, 0       , 0.49962332, 0       , 0.00100501],
       [0       , 0       , 0.99899523, 0       , 0       ,
        0       , 0       , 0       , 0.00100477, 0       ]]), ([[0       , 0       , 0       , 0       , 0       ,
        0       , 0       , 0       , 1.        , 0       ],
       [0       , 0       , 0       , 0       , 0       ,
        0       , 0       , 0       , 0.66666667, 0.33333333],
       [0       , 0       , 0       , 0       , 0       ,
        0       , 0       , 0       , 1.        , 0       ],
       [0       , 0       , 0       , 0       , 0       ,
        0       , 0       , 0       , 0.66666667, 0.33333333],
       [0       , 0       , 0       , 0       , 0       ,
        0       , 0       , 0       , 0.66666667, 0.33333333],
       [0       , 0       , 0       , 0       , 0       ,
        0       , 0       , 0       , 0       , 1.        ],
       [0       , 0       , 0       , 0       , 0       ,
        0       , 0       , 0       , 0       , 1.        ],
       [0       , 0       , 0       , 0       , 0       ,
        0       , 0       , 0       , 0       , 1.        ],
       [0.25      , 0.16666667, 0.25      , 0.16666667, 0.16666667,
        0       , 0       , 0       , 0       , 0       ],
       [0       , 0.08333333, 0       , 0.08333333, 0.08333333,
        0.25      , 0.25      , 0.25      , 0       , 0       ]]), ([[0       , 0       , 0.50000018, 0       , 0       ,
        0.49999982, 0       , 0       , 0       , 0       ],
       [0       , 0       , 0       , 0       , 0       ,
        0       , 0       , 0       , 0       , 1.        ],
       [0.5       , 0       , 0       , 0.5       , 0       ,
        0       , 0       , 0       , 0       , 0       ],
       [0       , 0       , 0.50000018, 0       , 0.49999982,
        0       , 0       , 0       , 0       , 0       ],
       [0       , 0       , 0       , 0.49999974, 0       ,
        0.30188451, 0       , 0       , 0.19811575, 0       ],
       [0.49999974, 0       , 0       , 0       , 0.30188451,
        0       , 0       , 0       , 0.19811575, 0       ],
       [0       , 0       , 0       , 0       , 0       ,
        0       , 0       , 0.69861727, 0.30138273, 0       ],
       [0       , 0       , 0       , 0       , 0       ,
        0       , 0.69861727, 0       , 0.30138273, 0       ],
       [0       , 0       , 0       , 0       , 0.19811604,
        0.19811604, 0.30138301, 0.30138301, 0       , 0.00100191],
       [0       , 0.99899816, 0       , 0       , 0       ,
        0       , 0       , 0       , 0.00100184, 0       ]]), ([[0       , 0       , 0.31587914, 0       , 0.68412086,
        0       , 0       , 0       , 0       , 0       ],
       [0       , 0       , 0       , 0.31587914, 0.31587914,
        0.26913498, 0       , 0.09910673, 0       , 0       ],
       [0.31587914, 0       , 0       , 0.68412086, 0       ,
        0       , 0       , 0       , 0       , 0       ],
       [0       , 0.31587914, 0.68412086, 0       , 0       ,
        0       , 0       , 0       , 0       , 0       ],
       [0.68412086, 0.31587914, 0       , 0       , 0       ,
        0       , 0       , 0       , 0       , 0       ],
       [0       , 0.26913498, 0       , 0       , 0       ,
        0       , 0.73086502, 0       , 0       , 0       ],
       [0       , 0       , 0       , 0       , 0       ,
        0.73086502, 0       , 0.26913498, 0       , 0       ],
       [0       , 0.09910673, 0       , 0       , 0       ,
        0       , 0.26913498, 0       , 0.31587914, 0.31587914],
       [0       , 0       , 0       , 0       , 0       ,
        0       , 0       , 0.31587914, 0       , 0.68412086],
       [0       , 0       , 0       , 0       , 0       ,
        0       , 0       , 0.31587914, 0.68412086, 0       ]]), ([[0       , 0       , 0.33338938, 0       , 0       ,
        0       , 0.66661062, 0       , 0       , 0       ],
       [0       , 0       , 0       , 0.33338925, 0       ,
        0.16673647, 0.33338925, 0       , 0       , 0.16648504],
       [0.33338938, 0       , 0       , 0.66661062, 0       ,
        0       , 0       , 0       , 0       , 0       ],
       [0       , 0.33338926, 0.66661074, 0       , 0       ,
        0       , 0       , 0       , 0       , 0       ],
       [0       , 0       , 0       , 0       , 0       ,
        0       , 0       , 0       , 1.        , 0       ],
       [0       , 0.16673655, 0       , 0       , 0       ,
        0       , 0       , 0.50037738, 0       , 0.33288606],
       [0.66661074, 0.33338926, 0       , 0       , 0       ,
        0       , 0       , 0       , 0       , 0       ],
       [0       , 0       , 0       , 0       , 0       ,
        0.50037727, 0       , 0       , 0       , 0.49962273],
       [0       , 0       , 0       , 0       , 0.99899523,
        0       , 0       , 0       , 0       , 0.00100477],
       [0       , 0.16648529, 0       , 0       , 0       ,
        0.33288638, 0       , 0.49962332, 0.00100501, 0       ]]), ([[0       , 0.43672453, 0       , 0.56327547, 0       ,
        0       , 0       , 0       , 0       , 0       ],
       [0.43672453, 0       , 0.56327547, 0       , 0       ,
        0       , 0       , 0       , 0       , 0       ],
       [0       , 0.56327547, 0       , 0       , 0       ,
        0       , 0       , 0       , 0.43672453, 0       ],
       [0.56327547, 0       , 0       , 0       , 0       ,
        0       , 0       , 0       , 0.43672453, 0       ],
       [0       , 0       , 0       , 0       , 0       ,
        0.78163773, 0       , 0       , 0       , 0.21836227],
       [0       , 0       , 0       , 0       , 0.78163773,
        0       , 0       , 0       , 0       , 0.21836227],
       [0       , 0       , 0       , 0       , 0       ,
        0       , 0       , 0.78163773, 0       , 0.21836227],
       [0       , 0       , 0       , 0       , 0       ,
        0       , 0.78163773, 0       , 0       , 0.21836227],
       [0       , 0       , 0.43672453, 0.43672453, 0       ,
        0       , 0       , 0       , 0       , 0.12655094],
       [0       , 0       , 0       , 0       , 0.21836227,
        0.21836227, 0.21836227, 0.21836227, 0.12655094, 0       ]]), ([[0       , 0       , 0.33338938, 0       , 0       ,
        0.66661062, 0       , 0       , 0       , 0       ],
       [0       , 0       , 0       , 0.33338925, 0.16673647,
        0.33338925, 0.16648504, 0       , 0       , 0       ],
       [0.33338938, 0       , 0       , 0.66661062, 0       ,
        0       , 0       , 0       , 0       , 0       ],
       [0       , 0.33338926, 0.66661074, 0       , 0       ,
        0       , 0       , 0       , 0       , 0       ],
       [0       , 0.16673655, 0       , 0       , 0       ,
        0       , 0.33288606, 0.50037738, 0       , 0       ],
       [0.66661074, 0.33338926, 0       , 0       , 0       ,
        0       , 0       , 0       , 0       , 0       ],
       [0       , 0.16648529, 0       , 0       , 0.33288638,
        0       , 0       , 0.49962332, 0.00100501, 0       ],
       [0       , 0       , 0       , 0       , 0.50037727,
        0       , 0.49962273, 0       , 0       , 0       ],
       [0       , 0       , 0       , 0       , 0       ,
        0       , 0.00100477, 0       , 0       , 0.99899523],
       [0       , 0       , 0       , 0       , 0       ,
        0       , 0       , 0       , 1.        , 0       ]]), ([[0       , 0       , 0       , 0.50000018, 0       ,
        0       , 0       , 0.49999982, 0       , 0       ],
       [0       , 0       , 0       , 0       , 0       ,
        0.30138301, 0.19811604, 0.19811604, 0.30138301, 0.00100191],
       [0       , 0       , 0       , 0       , 0       ,
        0       , 0       , 0       , 0       , 1.        ],
       [0.5       , 0       , 0       , 0       , 0.5       ,
        0       , 0       , 0       , 0       , 0       ],
       [0       , 0       , 0       , 0.50000018, 0       ,
        0       , 0.49999982, 0       , 0       , 0       ],
       [0       , 0.30138273, 0       , 0       , 0       ,
        0       , 0       , 0       , 0.69861727, 0       ],
       [0       , 0.19811575, 0       , 0       , 0.49999974,
        0       , 0       , 0.30188451, 0       , 0       ],
       [0.49999974, 0.19811575, 0       , 0       , 0       ,
        0       , 0.30188451, 0       , 0       , 0       ],
       [0       , 0.30138273, 0       , 0       , 0       ,
        0.69861727, 0       , 0       , 0       , 0       ],
       [0       , 0.00100184, 0.99899816, 0       , 0       ,
        0       , 0       , 0       , 0       , 0       ]]), ([[0       , 0.33338938, 0       , 0       , 0.66661062,
        0       , 0       , 0       , 0       , 0       ],
       [0.33338938, 0       , 0.66661062, 0       , 0       ,
        0       , 0       , 0       , 0       , 0       ],
       [0       , 0.66661074, 0       , 0.33338926, 0       ,
        0       , 0       , 0       , 0       , 0       ],
       [0       , 0       , 0.33338925, 0       , 0.33338925,
        0       , 0       , 0.16648504, 0       , 0.16673647],
       [0.66661074, 0       , 0       , 0.33338926, 0       ,
        0       , 0       , 0       , 0       , 0       ],
       [0       , 0       , 0       , 0       , 0       ,
        0       , 0       , 0       , 1.        , 0       ],
       [0       , 0       , 0       , 0       , 0       ,
        0       , 0       , 0.49962273, 0       , 0.50037727],
       [0       , 0       , 0       , 0.16648529, 0       ,
        0       , 0.49962332, 0       , 0.00100501, 0.33288638],
       [0       , 0       , 0       , 0       , 0       ,
        0.99899523, 0       , 0.00100477, 0       , 0       ],
       [0       , 0       , 0       , 0.16673655, 0       ,
        0       , 0.50037738, 0.33288606, 0       , 0       ]]), ([[0       , 0       , 0       , 0.66666667, 0.33333333,
        0       , 0       , 0       , 0       , 0       ],
       [0       , 0       , 0       , 1.        , 0       ,
        0       , 0       , 0       , 0       , 0       ],
       [0       , 0       , 0       , 1.        , 0       ,
        0       , 0       , 0       , 0       , 0       ],
       [0.16666667, 0.25      , 0.25      , 0       , 0       ,
        0       , 0       , 0.16666667, 0       , 0.16666667],
       [0.08333333, 0       , 0       , 0       , 0       ,
        0.25      , 0.25      , 0.08333333, 0.25      , 0.08333333],
       [0       , 0       , 0       , 0       , 1.        ,
        0       , 0       , 0       , 0       , 0       ],
       [0       , 0       , 0       , 0       , 1.        ,
        0       , 0       , 0       , 0       , 0       ],
       [0       , 0       , 0       , 0.66666667, 0.33333333,
        0       , 0       , 0       , 0       , 0       ],
       [0       , 0       , 0       , 0       , 1.        ,
        0       , 0       , 0       , 0       , 0       ],
       [0       , 0       , 0       , 0.66666667, 0.33333333,
        0       , 0       , 0       , 0       , 0       ]]), ([[0       , 0       , 0       , 0.49999974, 0       ,
        0.19811575, 0       , 0       , 0.30188451, 0       ],
       [0       , 0       , 0.50000018, 0       , 0       ,
        0       , 0       , 0       , 0.49999982, 0       ],
       [0       , 0.5       , 0       , 0.5       , 0       ,
        0       , 0       , 0       , 0       , 0       ],
       [0.49999982, 0       , 0.50000018, 0       , 0       ,
        0       , 0       , 0       , 0       , 0       ],
       [0       , 0       , 0       , 0       , 0       ,
        0.30138273, 0.69861727, 0       , 0       , 0       ],
       [0.19811604, 0       , 0       , 0       , 0.30138301,
        0       , 0.30138301, 0.00100191, 0.19811604, 0       ],
       [0       , 0       , 0       , 0       , 0.69861727,
        0.30138273, 0       , 0       , 0       , 0       ],
       [0       , 0       , 0       , 0       , 0       ,
        0.00100184, 0       , 0       , 0       , 0.99899816],
       [0.30188451, 0.49999974, 0       , 0       , 0       ,
        0.19811575, 0       , 0       , 0       , 0       ],
       [0       , 0       , 0       , 0       , 0       ,
        0       , 0       , 1.        , 0       , 0       ]]), ([[0       , 0       , 0       , 0       , 0       ,
        0       , 0       , 1.        , 0       , 0       ],
       [0       , 0       , 0.33338938, 0       , 0.66661062,
        0       , 0       , 0       , 0       , 0       ],
       [0       , 0.33338938, 0       , 0.66661062, 0       ,
        0       , 0       , 0       , 0       , 0       ],
       [0       , 0       , 0.66661074, 0       , 0       ,
        0.33338926, 0       , 0       , 0       , 0       ],
       [0       , 0.66661074, 0       , 0       , 0       ,
        0.33338926, 0       , 0       , 0       , 0       ],
       [0       , 0       , 0       , 0.33338925, 0.33338925,
        0       , 0       , 0       , 0.16648504, 0.16673647],
       [0       , 0       , 0       , 0       , 0       ,
        0       , 0       , 0       , 0.49962273, 0.50037727],
       [0.99899523, 0       , 0       , 0       , 0       ,
        0       , 0       , 0       , 0.00100477, 0       ],
       [0       , 0       , 0       , 0       , 0       ,
        0.16648529, 0.49962332, 0.00100501, 0       , 0.33288638],
       [0       , 0       , 0       , 0       , 0       ,
        0.16673655, 0.50037738, 0       , 0.33288606, 0       ]]), ([[0       , 0       , 0.43672453, 0       , 0.56327547,
        0       , 0       , 0       , 0       , 0       ],
       [0       , 0       , 0       , 0.43672453, 0.43672453,
        0       , 0       , 0.12655094, 0       , 0       ],
       [0.43672453, 0       , 0       , 0.56327547, 0       ,
        0       , 0       , 0       , 0       , 0       ],
       [0       , 0.43672453, 0.56327547, 0       , 0       ,
        0       , 0       , 0       , 0       , 0       ],
       [0.56327547, 0.43672453, 0       , 0       , 0       ,
        0       , 0       , 0       , 0       , 0       ],
       [0       , 0       , 0       , 0       , 0       ,
        0       , 0.78163773, 0.21836227, 0       , 0       ],
       [0       , 0       , 0       , 0       , 0       ,
        0.78163773, 0       , 0.21836227, 0       , 0       ],
       [0       , 0.12655094, 0       , 0       , 0       ,
        0.21836227, 0.21836227, 0       , 0.21836227, 0.21836227],
       [0       , 0       , 0       , 0       , 0       ,
        0       , 0       , 0.21836227, 0       , 0.78163773],
       [0       , 0       , 0       , 0       , 0       ,
        0       , 0       , 0.21836227, 0.78163773, 0       ]]), ([[0       , 0.33338938, 0       , 0       , 0       ,
        0.66661062, 0       , 0       , 0       , 0       ],
       [0.33338938, 0       , 0       , 0.66661062, 0       ,
        0       , 0       , 0       , 0       , 0       ],
       [0       , 0       , 0       , 0       , 0       ,
        0       , 0.50037738, 0.16673655, 0.33288606, 0       ],
       [0       , 0.66661074, 0       , 0       , 0       ,
        0       , 0       , 0.33338926, 0       , 0       ],
       [0       , 0       , 0       , 0       , 0       ,
        0       , 0       , 0       , 0       , 1.        ],
       [0.66661074, 0       , 0       , 0       , 0       ,
        0       , 0       , 0.33338926, 0       , 0       ],
       [0       , 0       , 0.50037727, 0       , 0       ,
        0       , 0       , 0       , 0.49962273, 0       ],
       [0       , 0       , 0.16673647, 0.33338925, 0       ,
        0.33338925, 0       , 0       , 0.16648504, 0       ],
       [0       , 0       , 0.33288638, 0       , 0       ,
        0       , 0.49962332, 0.16648529, 0       , 0.00100501],
       [0       , 0       , 0       , 0       , 0.99899523,
        0       , 0       , 0       , 0.00100477, 0       ]]), ([[0       , 0.50000018, 0       , 0       , 0       ,
        0       , 0       , 0       , 0       , 0.49999982],
       [0.5       , 0       , 0       , 0       , 0.5       ,
        0       , 0       , 0       , 0       , 0       ],
       [0       , 0       , 0       , 0       , 0.49999974,
        0       , 0.19811575, 0       , 0       , 0.30188451],
       [0       , 0       , 0       , 0       , 0       ,
        0       , 0       , 0       , 1.        , 0       ],
       [0       , 0.50000018, 0.49999982, 0       , 0       ,
        0       , 0       , 0       , 0       , 0       ],
       [0       , 0       , 0       , 0       , 0       ,
        0       , 0.30138273, 0.69861727, 0       , 0       ],
       [0       , 0       , 0.19811604, 0       , 0       ,
        0.30138301, 0       , 0.30138301, 0.00100191, 0.19811604],
       [0       , 0       , 0       , 0       , 0       ,
        0.69861727, 0.30138273, 0       , 0       , 0       ],
       [0       , 0       , 0       , 0.99899816, 0       ,
        0       , 0.00100184, 0       , 0       , 0       ],
       [0.49999974, 0       , 0.30188451, 0       , 0       ,
        0       , 0.19811575, 0       , 0       , 0       ]]), ([[0.00000000e+00, 4.30702927e-01, 5.69297073e-01, 0.00000000e+00,
        0.00000000e+00, 0.00000000e+00, 0.00000000e+00, 0.00000000e+00,
        0.00000000e+00, 0.00000000e+00],
       [4.30702958e-01, 0.00000000e+00, 4.30702958e-01, 0.00000000e+00,
        0.00000000e+00, 0.00000000e+00, 0.00000000e+00, 1.38594083e-01,
        0.00000000e+00, 0.00000000e+00],
       [5.69297073e-01, 4.30702927e-01, 0.00000000e+00, 0.00000000e+00,
        0.00000000e+00, 0.00000000e+00, 0.00000000e+00, 0.00000000e+00,
        0.00000000e+00, 0.00000000e+00],
       [0.00000000e+00, 0.00000000e+00, 0.00000000e+00, 0.00000000e+00,
        7.84898511e-01, 0.00000000e+00, 0.00000000e+00, 2.15101489e-01,
        0.00000000e+00, 0.00000000e+00],
       [0.00000000e+00, 0.00000000e+00, 0.00000000e+00, 7.84898511e-01,
        0.00000000e+00, 0.00000000e+00, 0.00000000e+00, 2.15101489e-01,
        0.00000000e+00, 0.00000000e+00],
       [0.00000000e+00, 0.00000000e+00, 0.00000000e+00, 0.00000000e+00,
        0.00000000e+00, 0.00000000e+00, 7.84898511e-01, 2.15101489e-01,
        0.00000000e+00, 0.00000000e+00],
       [0.00000000e+00, 0.00000000e+00, 0.00000000e+00, 0.00000000e+00,
        0.00000000e+00, 7.84898511e-01, 0.00000000e+00, 2.15101489e-01,
        0.00000000e+00, 0.00000000e+00],
       [0.00000000e+00, 1.38594443e-01, 0.00000000e+00, 2.15101713e-01,
        2.15101713e-01, 2.15101713e-01, 2.15101713e-01, 0.00000000e+00,
        9.98704147e-04, 0.00000000e+00],
       [0.00000000e+00, 0.00000000e+00, 0.00000000e+00, 0.00000000e+00,
        0.00000000e+00, 0.00000000e+00, 0.00000000e+00, 9.98902412e-04,
        0.00000000e+00, 9.99001098e-01],
       [0.00000000e+00, 0.00000000e+00, 0.00000000e+00, 0.00000000e+00,
        0.00000000e+00, 0.00000000e+00, 0.00000000e+00, 0.00000000e+00,
        1.00000000e+00, 0.00000000e+00]])]
