[([[0  , 0.125, 0.125, 0.125, 0.125, 0.125, 0  , 0.125, 0.125,
        0.125],
       [0.25 , 0  , 0.25 , 0.25 , 0.25 , 0  , 0  , 0  , 0  ,
        0  ],
       [0.5  , 0.5  , 0  , 0  , 0  , 0  , 0  , 0  , 0  ,
        0  ],
       [0.5  , 0.5  , 0  , 0  , 0  , 0  , 0  , 0  , 0  ,
        0  ],
       [0.5  , 0.5  , 0  , 0  , 0  , 0  , 0  , 0  , 0  ,
        0  ],
       [0.5  , 0  , 0  , 0  , 0  , 0  , 0.5  , 0  , 0  ,
        0  ],
       [0  , 0  , 0  , 0  , 0  , 1.   , 0  , 0  , 0  ,
        0  ],
       [1.   , 0  , 0  , 0  , 0  , 0  , 0  , 0  , 0  ,
        0  ],
       [1.   , 0  , 0  , 0  , 0  , 0  , 0  , 0  , 0  ,
        0  ],
       [1.   , 0  , 0  , 0  , 0  , 0  , 0  , 0  , 0  ,
        0  ]]), ([[0       , 0.11111111, 0.11111111, 0.11111111, 0.11111111,
        0.11111111, 0.11111111, 0.11111111, 0.11111111, 0.11111111],
       [0.33333333, 0       , 0.33333333, 0.33333333, 0       ,
        0       , 0       , 0       , 0       , 0       ],
       [0.5       , 0.5       , 0       , 0       , 0       ,
        0       , 0       , 0       , 0       , 0       ],
       [0.5       , 0.5       , 0       , 0       , 0       ,
        0       , 0       , 0       , 0       , 0       ],
       [0.5       , 0       , 0       , 0       , 0       ,
        0.5       , 0       , 0       , 0       , 0       ],
       [0.5       , 0       , 0       , 0       , 0.5       ,
        0       , 0       , 0       , 0       , 0       ],
       [1.        , 0       , 0       , 0       , 0       ,
        0       , 0       , 0       , 0       , 0       ],
       [1.        , 0       , 0       , 0       , 0       ,
        0       , 0       , 0       , 0       , 0       ],
       [1.        , 0       , 0       , 0       , 0       ,
        0       , 0       , 0       , 0       , 0       ],
       [1.        , 0       , 0       , 0       , 0       ,
        0       , 0       , 0       , 0       , 0       ]]), ([[0       , 0.125     , 0.125     , 0.125     , 0.125     ,
        0.125     , 0       , 0.125     , 0.125     , 0.125     ],
       [0.33333333, 0       , 0.33333333, 0.33333333, 0       ,
        0       , 0       , 0       , 0       , 0       ],
       [0.33333333, 0.33333333, 0       , 0       , 0.33333333,
        0       , 0       , 0       , 0       , 0       ],
       [0.5       , 0.5       , 0       , 0       , 0       ,
        0       , 0       , 0       , 0       , 0       ],
       [0.5       , 0       , 0.5       , 0       , 0       ,
        0       , 0       , 0       , 0       , 0       ],
       [0.5       , 0       , 0       , 0       , 0       ,
        0       , 0.5       , 0       , 0       , 0       ],
       [0       , 0       , 0       , 0       , 0       ,
        1.        , 0       , 0       , 0       , 0       ],
       [1.        , 0       , 0       , 0       , 0       ,
        0       , 0       , 0       , 0       , 0       ],
       [1.        , 0       , 0       , 0       , 0       ,
        0       , 0       , 0       , 0       , 0       ],
       [1.        , 0       , 0       , 0       , 0       ,
        0       , 0       , 0       , 0       , 0       ]]), ([[0       , 0.14285714, 0.14285714, 0.14285714, 0.14285714,
        0       , 0       , 0.14285714, 0.14285714, 0.14285714],
       [0.16666667, 0       , 0.16666667, 0.16666667, 0.16666667,
        0.16666667, 0.16666667, 0       , 0       , 0       ],
       [0.5       , 0.5       , 0       , 0       , 0       ,
        0       , 0       , 0       , 0       , 0       ],
       [0.5       , 0.5       , 0       , 0       , 0       ,
        0       , 0       , 0       , 0       , 0       ],
       [0.5       , 0.5       , 0       , 0       , 0       ,
        0       , 0       , 0       , 0       , 0       ],
       [0       , 1.        , 0       , 0       , 0       ,
        0       , 0       , 0       , 0       , 0       ],
       [0       , 1.        , 0       , 0       , 0       ,
        0       , 0       , 0       , 0       , 0       ],
       [1.        , 0       , 0       , 0       , 0       ,
        0       , 0       , 0       , 0       , 0       ],
       [1.        , 0       , 0       , 0       , 0       ,
        0       , 0       , 0       , 0       , 0       ],
       [1.        , 0       , 0       , 0       , 0       ,
        0       , 0       , 0       , 0       , 0       ]]), ([[0  , 0.125, 0.125, 0.125, 0.125, 0  , 0.125, 0.125, 0.125,
        0.125],
       [0.2  , 0  , 0.2  , 0.2  , 0.2  , 0.2  , 0  , 0  , 0  ,
        0  ],
       [0.5  , 0.5  , 0  , 0  , 0  , 0  , 0  , 0  , 0  ,
        0  ],
       [0.5  , 0.5  , 0  , 0  , 0  , 0  , 0  , 0  , 0  ,
        0  ],
       [0.5  , 0.5  , 0  , 0  , 0  , 0  , 0  , 0  , 0  ,
        0  ],
       [0  , 1.   , 0  , 0  , 0  , 0  , 0  , 0  , 0  ,
        0  ],
       [1.   , 0  , 0  , 0  , 0  , 0  , 0  , 0  , 0  ,
        0  ],
       [1.   , 0  , 0  , 0  , 0  , 0  , 0  , 0  , 0  ,
        0  ],
       [1.   , 0  , 0  , 0  , 0  , 0  , 0  , 0  , 0  ,
        0  ],
       [1.   , 0  , 0  , 0  , 0  , 0  , 0  , 0  , 0  ,
        0  ]]), ([[0       , 0.11111111, 0.11111111, 0.11111111, 0.11111111,
        0.11111111, 0.11111111, 0.11111111, 0.11111111, 0.11111111],
       [0.25      , 0       , 0.25      , 0.25      , 0.25      ,
        0       , 0       , 0       , 0       , 0       ],
       [0.5       , 0.5       , 0       , 0       , 0       ,
        0       , 0       , 0       , 0       , 0       ],
       [0.5       , 0.5       , 0       , 0       , 0       ,
        0       , 0       , 0       , 0       , 0       ],
       [0.5       , 0.5       , 0       , 0       , 0       ,
        0       , 0       , 0       , 0       , 0       ],
       [1.        , 0       , 0       , 0       , 0       ,
        0       , 0       , 0       , 0       , 0       ],
       [1.        , 0       , 0       , 0       , 0       ,
        0       , 0       , 0       , 0       , 0       ],
       [1.        , 0       , 0       , 0       , 0       ,
        0       , 0       , 0       , 0       , 0       ],
       [1.        , 0       , 0       , 0       , 0       ,
        0       , 0       , 0       , 0       , 0       ],
       [1.        , 0       , 0       , 0       , 0       ,
        0       , 0       , 0       , 0       , 0       ]]), ([[0, 0.2, 0.2, 0.2, 0.2, 0, 0, 0, 0.2, 0],
       [0.2, 0, 0.2, 0, 0, 0.2, 0.2, 0.2, 0, 0],
       [0.2, 0.2, 0, 0.2, 0.2, 0, 0, 0, 0, 0.2],
       [0.5, 0, 0.5, 0, 0, 0, 0, 0, 0, 0],
       [0.5, 0, 0.5, 0, 0, 0, 0, 0, 0, 0],
       [0, 1. , 0, 0, 0, 0, 0, 0, 0, 0],
       [0, 1. , 0, 0, 0, 0, 0, 0, 0, 0],
       [0, 1. , 0, 0, 0, 0, 0, 0, 0, 0],
       [1. , 0, 0, 0, 0, 0, 0, 0, 0, 0],
       [0, 0, 1. , 0, 0, 0, 0, 0, 0, 0]]), ([[0       , 0.14285714, 0.14285714, 0.14285714, 0.14285714,
        0       , 0       , 0.14285714, 0.14285714, 0.14285714],
       [0.25      , 0       , 0.25      , 0.25      , 0.25      ,
        0       , 0       , 0       , 0       , 0       ],
       [0.25      , 0.25      , 0       , 0       , 0       ,
        0.25      , 0.25      , 0       , 0       , 0       ],
       [0.5       , 0.5       , 0       , 0       , 0       ,
        0       , 0       , 0       , 0       , 0       ],
       [0.5       , 0.5       , 0       , 0       , 0       ,
        0       , 0       , 0       , 0       , 0       ],
       [0       , 0       , 1.        , 0       , 0       ,
        0       , 0       , 0       , 0       , 0       ],
       [0       , 0       , 1.        , 0       , 0       ,
        0       , 0       , 0       , 0       , 0       ],
       [1.        , 0       , 0       , 0       , 0       ,
        0       , 0       , 0       , 0       , 0       ],
       [1.        , 0       , 0       , 0       , 0       ,
        0       , 0       , 0       , 0       , 0       ],
       [1.        , 0       , 0       , 0       , 0       ,
        0       , 0       , 0       , 0       , 0       ]]), ([[0       , 0.11111111, 0.11111111, 0.11111111, 0.11111111,
        0.11111111, 0.11111111, 0.11111111, 0.11111111, 0.11111111],
       [0.33333333, 0       , 0.33333333, 0.33333333, 0       ,
        0       , 0       , 0       , 0       , 0       ],
       [0.33333333, 0.33333333, 0       , 0       , 0.33333333,
        0       , 0       , 0       , 0       , 0       ],
       [0.5       , 0.5       , 0       , 0       , 0       ,
        0       , 0       , 0       , 0       , 0       ],
       [0.5       , 0       , 0.5       , 0       , 0       ,
        0       , 0       , 0       , 0       , 0       ],
       [1.        , 0       , 0       , 0       , 0       ,
        0       , 0       , 0       , 0       , 0       ],
       [1.        , 0       , 0       , 0       , 0       ,
        0       , 0       , 0       , 0       , 0       ],
       [1.        , 0       , 0       , 0       , 0       ,
        0       , 0       , 0       , 0       , 0       ],
       [1.        , 0       , 0       , 0       , 0       ,
        0       , 0       , 0       , 0       , 0       ],
       [1.        , 0       , 0       , 0       , 0       ,
        0       , 0       , 0       , 0       , 0       ]]), ([[0  , 0.125, 0.125, 0.125, 0.125, 0.125, 0  , 0.125, 0.125,
        0.125],
       [0.25 , 0  , 0.25 , 0.25 , 0.25 , 0  , 0  , 0  , 0  ,
        0  ],
       [0.5  , 0.5  , 0  , 0  , 0  , 0  , 0  , 0  , 0  ,
        0  ],
       [0.5  , 0.5  , 0  , 0  , 0  , 0  , 0  , 0  , 0  ,
        0  ],
       [0.5  , 0.5  , 0  , 0  , 0  , 0  , 0  , 0  , 0  ,
        0  ],
       [0.5  , 0  , 0  , 0  , 0  , 0  , 0.5  , 0  , 0  ,
        0  ],
       [0  , 0  , 0  , 0  , 0  , 1.   , 0  , 0  , 0  ,
        0  ],
       [1.   , 0  , 0  , 0  , 0  , 0  , 0  , 0  , 0  ,
        0  ],
       [1.   , 0  , 0  , 0  , 0  , 0  , 0  , 0  , 0  ,
        0  ],
       [1.   , 0  , 0  , 0  , 0  , 0  , 0  , 0  , 0  ,
        0  ]]), ([[0       , 0.11111111, 0.11111111, 0.11111111, 0.11111111,
        0.11111111, 0.11111111, 0.11111111, 0.11111111, 0.11111111],
       [0.33333333, 0       , 0.33333333, 0.33333333, 0       ,
        0       , 0       , 0       , 0       , 0       ],
       [0.5       , 0.5       , 0       , 0       , 0       ,
        0       , 0       , 0       , 0       , 0       ],
       [0.5       , 0.5       , 0       , 0       , 0       ,
        0       , 0       , 0       , 0       , 0       ],
       [0.5       , 0       , 0       , 0       , 0       ,
        0.5       , 0       , 0       , 0       , 0       ],
       [0.5       , 0       , 0       , 0       , 0.5       ,
        0       , 0       , 0       , 0       , 0       ],
       [1.        , 0       , 0       , 0       , 0       ,
        0       , 0       , 0       , 0       , 0       ],
       [1.        , 0       , 0       , 0       , 0       ,
        0       , 0       , 0       , 0       , 0       ],
       [1.        , 0       , 0       , 0       , 0       ,
        0       , 0       , 0       , 0       , 0       ],
       [1.        , 0       , 0       , 0       , 0       ,
        0       , 0       , 0       , 0       , 0       ]]), ([[0       , 0.125     , 0.125     , 0.125     , 0.125     ,
        0.125     , 0       , 0.125     , 0.125     , 0.125     ],
       [0.33333333, 0       , 0.33333333, 0.33333333, 0       ,
        0       , 0       , 0       , 0       , 0       ],
       [0.33333333, 0.33333333, 0       , 0       , 0.33333333,
        0       , 0       , 0       , 0       , 0       ],
       [0.5       , 0.5       , 0       , 0       , 0       ,
        0       , 0       , 0       , 0       , 0       ],
       [0.5       , 0       , 0.5       , 0       , 0       ,
        0       , 0       , 0       , 0       , 0       ],
       [0.5       , 0       , 0       , 0       , 0       ,
        0       , 0.5       , 0       , 0       , 0       ],
       [0       , 0       , 0       , 0       , 0       ,
        1.        , 0       , 0       , 0       , 0       ],
       [1.        , 0       , 0       , 0       , 0       ,
        0       , 0       , 0       , 0       , 0       ],
       [1.        , 0       , 0       , 0       , 0       ,
        0       , 0       , 0       , 0       , 0       ],
       [1.        , 0       , 0       , 0       , 0       ,
        0       , 0       , 0       , 0       , 0       ]]), ([[0       , 0.14285714, 0.14285714, 0.14285714, 0.14285714,
        0       , 0       , 0.14285714, 0.14285714, 0.14285714],
       [0.16666667, 0       , 0.16666667, 0.16666667, 0.16666667,
        0.16666667, 0.16666667, 0       , 0       , 0       ],
       [0.5       , 0.5       , 0       , 0       , 0       ,
        0       , 0       , 0       , 0       , 0       ],
       [0.5       , 0.5       , 0       , 0       , 0       ,
        0       , 0       , 0       , 0       , 0       ],
       [0.5       , 0.5       , 0       , 0       , 0       ,
        0       , 0       , 0       , 0       , 0       ],
       [0       , 1.        , 0       , 0       , 0       ,
        0       , 0       , 0       , 0       , 0       ],
       [0       , 1.        , 0       , 0       , 0       ,
        0       , 0       , 0       , 0       , 0       ],
       [1.        , 0       , 0       , 0       , 0       ,
        0       , 0       , 0       , 0       , 0       ],
       [1.        , 0       , 0       , 0       , 0       ,
        0       , 0       , 0       , 0       , 0       ],
       [1.        , 0       , 0       , 0       , 0       ,
        0       , 0       , 0       , 0       , 0       ]]), ([[0  , 0.125, 0.125, 0.125, 0.125, 0  , 0.125, 0.125, 0.125,
        0.125],
       [0.2  , 0  , 0.2  , 0.2  , 0.2  , 0.2  , 0  , 0  , 0  ,
        0  ],
       [0.5  , 0.5  , 0  , 0  , 0  , 0  , 0  , 0  , 0  ,
        0  ],
       [0.5  , 0.5  , 0  , 0  , 0  , 0  , 0  , 0  , 0  ,
        0  ],
       [0.5  , 0.5  , 0  , 0  , 0  , 0  , 0  , 0  , 0  ,
        0  ],
       [0  , 1.   , 0  , 0  , 0  , 0  , 0  , 0  , 0  ,
        0  ],
       [1.   , 0  , 0  , 0  , 0  , 0  , 0  , 0  , 0  ,
        0  ],
       [1.   , 0  , 0  , 0  , 0  , 0  , 0  , 0  , 0  ,
        0  ],
       [1.   , 0  , 0  , 0  , 0  , 0  , 0  , 0  , 0  ,
        0  ],
       [1.   , 0  , 0  , 0  , 0  , 0  , 0  , 0  , 0  ,
        0  ]]), ([[0       , 0.11111111, 0.11111111, 0.11111111, 0.11111111,
        0.11111111, 0.11111111, 0.11111111, 0.11111111, 0.11111111],
       [0.25      , 0       , 0.25      , 0.25      , 0.25      ,
        0       , 0       , 0       , 0       , 0       ],
       [0.5       , 0.5       , 0       , 0       , 0       ,
        0       , 0       , 0       , 0       , 0       ],
       [0.5       , 0.5       , 0       , 0       , 0       ,
        0       , 0       , 0       , 0       , 0       ],
       [0.5       , 0.5       , 0       , 0       , 0       ,
        0       , 0       , 0       , 0       , 0       ],
       [1.        , 0       , 0       , 0       , 0       ,
        0       , 0       , 0       , 0       , 0       ],
       [1.        , 0       , 0       , 0       , 0       ,
        0       , 0       , 0       , 0       , 0       ],
       [1.        , 0       , 0       , 0       , 0       ,
        0       , 0       , 0       , 0       , 0       ],
       [1.        , 0       , 0       , 0       , 0       ,
        0       , 0       , 0       , 0       , 0       ],
       [1.        , 0       , 0       , 0       , 0       ,
        0       , 0       , 0       , 0       , 0       ]]), ([[0, 0.2, 0.2, 0.2, 0.2, 0, 0, 0, 0.2, 0],
       [0.2, 0, 0.2, 0, 0, 0.2, 0.2, 0.2, 0, 0],
       [0.2, 0.2, 0, 0.2, 0.2, 0, 0, 0, 0, 0.2],
       [0.5, 0, 0.5, 0, 0, 0, 0, 0, 0, 0],
       [0.5, 0, 0.5, 0, 0, 0, 0, 0, 0, 0],
       [0, 1. , 0, 0, 0, 0, 0, 0, 0, 0],
       [0, 1. , 0, 0, 0, 0, 0, 0, 0, 0],
       [0, 1. , 0, 0, 0, 0, 0, 0, 0, 0],
       [1. , 0, 0, 0, 0, 0, 0, 0, 0, 0],
       [0, 0, 1. , 0, 0, 0, 0, 0, 0, 0]]), ([[0       , 0.14285714, 0.14285714, 0.14285714, 0.14285714,
        0       , 0       , 0.14285714, 0.14285714, 0.14285714],
       [0.25      , 0       , 0.25      , 0.25      , 0.25      ,
        0       , 0       , 0       , 0       , 0       ],
       [0.25      , 0.25      , 0       , 0       , 0       ,
        0.25      , 0.25      , 0       , 0       , 0       ],
       [0.5       , 0.5       , 0       , 0       , 0       ,
        0       , 0       , 0       , 0       , 0       ],
       [0.5       , 0.5       , 0       , 0       , 0       ,
        0       , 0       , 0       , 0       , 0       ],
       [0       , 0       , 1.        , 0       , 0       ,
        0       , 0       , 0       , 0       , 0       ],
       [0       , 0       , 1.        , 0       , 0       ,
        0       , 0       , 0       , 0       , 0       ],
       [1.        , 0       , 0       , 0       , 0       ,
        0       , 0       , 0       , 0       , 0       ],
       [1.        , 0       , 0       , 0       , 0       ,
        0       , 0       , 0       , 0       , 0       ],
       [1.        , 0       , 0       , 0       , 0       ,
        0       , 0       , 0       , 0       , 0       ]]), ([[0       , 0.11111111, 0.11111111, 0.11111111, 0.11111111,
        0.11111111, 0.11111111, 0.11111111, 0.11111111, 0.11111111],
       [0.33333333, 0       , 0.33333333, 0.33333333, 0       ,
        0       , 0       , 0       , 0       , 0       ],
       [0.33333333, 0.33333333, 0       , 0       , 0.33333333,
        0       , 0       , 0       , 0       , 0       ],
       [0.5       , 0.5       , 0       , 0       , 0       ,
        0       , 0       , 0       , 0       , 0       ],
       [0.5       , 0       , 0.5       , 0       , 0       ,
        0       , 0       , 0       , 0       , 0       ],
       [1.        , 0       , 0       , 0       , 0       ,
        0       , 0       , 0       , 0       , 0       ],
       [1.        , 0       , 0       , 0       , 0       ,
        0       , 0       , 0       , 0       , 0       ],
       [1.        , 0       , 0       , 0       , 0       ,
        0       , 0       , 0       , 0       , 0       ],
       [1.        , 0       , 0       , 0       , 0       ,
        0       , 0       , 0       , 0       , 0       ],
       [1.        , 0       , 0       , 0       , 0       ,
        0       , 0       , 0       , 0       , 0       ]]), ([[0  , 0.125, 0.125, 0.125, 0.125, 0.125, 0  , 0.125, 0.125,
        0.125],
       [0.25 , 0  , 0.25 , 0.25 , 0.25 , 0  , 0  , 0  , 0  ,
        0  ],
       [0.5  , 0.5  , 0  , 0  , 0  , 0  , 0  , 0  , 0  ,
        0  ],
       [0.5  , 0.5  , 0  , 0  , 0  , 0  , 0  , 0  , 0  ,
        0  ],
       [0.5  , 0.5  , 0  , 0  , 0  , 0  , 0  , 0  , 0  ,
        0  ],
       [0.5  , 0  , 0  , 0  , 0  , 0  , 0.5  , 0  , 0  ,
        0  ],
       [0  , 0  , 0  , 0  , 0  , 1.   , 0  , 0  , 0  ,
        0  ],
       [1.   , 0  , 0  , 0  , 0  , 0  , 0  , 0  , 0  ,
        0  ],
       [1.   , 0  , 0  , 0  , 0  , 0  , 0  , 0  , 0  ,
        0  ],
       [1.   , 0  , 0  , 0  , 0  , 0  , 0  , 0  , 0  ,
        0  ]]), ([[0       , 0.11111111, 0.11111111, 0.11111111, 0.11111111,
        0.11111111, 0.11111111, 0.11111111, 0.11111111, 0.11111111],
       [0.33333333, 0       , 0.33333333, 0.33333333, 0       ,
        0       , 0       , 0       , 0       , 0       ],
       [0.5       , 0.5       , 0       , 0       , 0       ,
        0       , 0       , 0       , 0       , 0       ],
       [0.5       , 0.5       , 0       , 0       , 0       ,
        0       , 0       , 0       , 0       , 0       ],
       [0.5       , 0       , 0       , 0       , 0       ,
        0.5       , 0       , 0       , 0       , 0       ],
       [0.5       , 0       , 0       , 0       , 0.5       ,
        0       , 0       , 0       , 0       , 0       ],
       [1.        , 0       , 0       , 0       , 0       ,
        0       , 0       , 0       , 0       , 0       ],
       [1.        , 0       , 0       , 0       , 0       ,
        0       , 0       , 0       , 0       , 0       ],
       [1.        , 0       , 0       , 0       , 0       ,
        0       , 0       , 0       , 0       , 0       ],
       [1.        , 0       , 0       , 0       , 0       ,
        0       , 0       , 0       , 0       , 0       ]]), ([[0       , 0.125     , 0.125     , 0.125     , 0.125     ,
        0.125     , 0       , 0.125     , 0.125     , 0.125     ],
       [0.33333333, 0       , 0.33333333, 0.33333333, 0       ,
        0       , 0       , 0       , 0       , 0       ],
       [0.33333333, 0.33333333, 0       , 0       , 0.33333333,
        0       , 0       , 0       , 0       , 0       ],
       [0.5       , 0.5       , 0       , 0       , 0       ,
        0       , 0       , 0       , 0       , 0       ],
       [0.5       , 0       , 0.5       , 0       , 0       ,
        0       , 0       , 0       , 0       , 0       ],
       [0.5       , 0       , 0       , 0       , 0       ,
        0       , 0.5       , 0       , 0       , 0       ],
       [0       , 0       , 0       , 0       , 0       ,
        1.        , 0       , 0       , 0       , 0       ],
       [1.        , 0       , 0       , 0       , 0       ,
        0       , 0       , 0       , 0       , 0       ],
       [1.        , 0       , 0       , 0       , 0       ,
        0       , 0       , 0       , 0       , 0       ],
       [1.        , 0       , 0       , 0       , 0       ,
        0       , 0       , 0       , 0       , 0       ]]), ([[0       , 0.14285714, 0.14285714, 0.14285714, 0.14285714,
        0       , 0       , 0.14285714, 0.14285714, 0.14285714],
       [0.16666667, 0       , 0.16666667, 0.16666667, 0.16666667,
        0.16666667, 0.16666667, 0       , 0       , 0       ],
       [0.5       , 0.5       , 0       , 0       , 0       ,
        0       , 0       , 0       , 0       , 0       ],
       [0.5       , 0.5       , 0       , 0       , 0       ,
        0       , 0       , 0       , 0       , 0       ],
       [0.5       , 0.5       , 0       , 0       , 0       ,
        0       , 0       , 0       , 0       , 0       ],
       [0       , 1.        , 0       , 0       , 0       ,
        0       , 0       , 0       , 0       , 0       ],
       [0       , 1.        , 0       , 0       , 0       ,
        0       , 0       , 0       , 0       , 0       ],
       [1.        , 0       , 0       , 0       , 0       ,
        0       , 0       , 0       , 0       , 0       ],
       [1.        , 0       , 0       , 0       , 0       ,
        0       , 0       , 0       , 0       , 0       ],
       [1.        , 0       , 0       , 0       , 0       ,
        0       , 0       , 0       , 0       , 0       ]]), ([[0  , 0.125, 0.125, 0.125, 0.125, 0  , 0.125, 0.125, 0.125,
        0.125],
       [0.2  , 0  , 0.2  , 0.2  , 0.2  , 0.2  , 0  , 0  , 0  ,
        0  ],
       [0.5  , 0.5  , 0  , 0  , 0  , 0  , 0  , 0  , 0  ,
        0  ],
       [0.5  , 0.5  , 0  , 0  , 0  , 0  , 0  , 0  , 0  ,
        0  ],
       [0.5  , 0.5  , 0  , 0  , 0  , 0  , 0  , 0  , 0  ,
        0  ],
       [0  , 1.   , 0  , 0  , 0  , 0  , 0  , 0  , 0  ,
        0  ],
       [1.   , 0  , 0  , 0  , 0  , 0  , 0  , 0  , 0  ,
        0  ],
       [1.   , 0  , 0  , 0  , 0  , 0  , 0  , 0  , 0  ,
        0  ],
       [1.   , 0  , 0  , 0  , 0  , 0  , 0  , 0  , 0  ,
        0  ],
       [1.   , 0  , 0  , 0  , 0  , 0  , 0  , 0  , 0  ,
        0  ]]), ([[0       , 0.11111111, 0.11111111, 0.11111111, 0.11111111,
        0.11111111, 0.11111111, 0.11111111, 0.11111111, 0.11111111],
       [0.25      , 0       , 0.25      , 0.25      , 0.25      ,
        0       , 0       , 0       , 0       , 0       ],
       [0.5       , 0.5       , 0       , 0       , 0       ,
        0       , 0       , 0       , 0       , 0       ],
       [0.5       , 0.5       , 0       , 0       , 0       ,
        0       , 0       , 0       , 0       , 0       ],
       [0.5       , 0.5       , 0       , 0       , 0       ,
        0       , 0       , 0       , 0       , 0       ],
       [1.        , 0       , 0       , 0       , 0       ,
        0       , 0       , 0       , 0       , 0       ],
       [1.        , 0       , 0       , 0       , 0       ,
        0       , 0       , 0       , 0       , 0       ],
       [1.        , 0       , 0       , 0       , 0       ,
        0       , 0       , 0       , 0       , 0       ],
       [1.        , 0       , 0       , 0       , 0       ,
        0       , 0       , 0       , 0       , 0       ],
       [1.        , 0       , 0       , 0       , 0       ,
        0       , 0       , 0       , 0       , 0       ]]), ([[0, 0.2, 0.2, 0.2, 0.2, 0, 0, 0, 0.2, 0],
       [0.2, 0, 0.2, 0, 0, 0.2, 0.2, 0.2, 0, 0],
       [0.2, 0.2, 0, 0.2, 0.2, 0, 0, 0, 0, 0.2],
       [0.5, 0, 0.5, 0, 0, 0, 0, 0, 0, 0],
       [0.5, 0, 0.5, 0, 0, 0, 0, 0, 0, 0],
       [0, 1. , 0, 0, 0, 0, 0, 0, 0, 0],
       [0, 1. , 0, 0, 0, 0, 0, 0, 0, 0],
       [0, 1. , 0, 0, 0, 0, 0, 0, 0, 0],
       [1. , 0, 0, 0, 0, 0, 0, 0, 0, 0],
       [0, 0, 1. , 0, 0, 0, 0, 0, 0, 0]]), ([[0       , 0.14285714, 0.14285714, 0.14285714, 0.14285714,
        0       , 0       , 0.14285714, 0.14285714, 0.14285714],
       [0.25      , 0       , 0.25      , 0.25      , 0.25      ,
        0       , 0       , 0       , 0       , 0       ],
       [0.25      , 0.25      , 0       , 0       , 0       ,
        0.25      , 0.25      , 0       , 0       , 0       ],
       [0.5       , 0.5       , 0       , 0       , 0       ,
        0       , 0       , 0       , 0       , 0       ],
       [0.5       , 0.5       , 0       , 0       , 0       ,
        0       , 0       , 0       , 0       , 0       ],
       [0       , 0       , 1.        , 0       , 0       ,
        0       , 0       , 0       , 0       , 0       ],
       [0       , 0       , 1.        , 0       , 0       ,
        0       , 0       , 0       , 0       , 0       ],
       [1.        , 0       , 0       , 0       , 0       ,
        0       , 0       , 0       , 0       , 0       ],
       [1.        , 0       , 0       , 0       , 0       ,
        0       , 0       , 0       , 0       , 0       ],
       [1.        , 0       , 0       , 0       , 0       ,
        0       , 0       , 0       , 0       , 0       ]]), ([[0       , 0.11111111, 0.11111111, 0.11111111, 0.11111111,
        0.11111111, 0.11111111, 0.11111111, 0.11111111, 0.11111111],
       [0.33333333, 0       , 0.33333333, 0.33333333, 0       ,
        0       , 0       , 0       , 0       , 0       ],
       [0.33333333, 0.33333333, 0       , 0       , 0.33333333,
        0       , 0       , 0       , 0       , 0       ],
       [0.5       , 0.5       , 0       , 0       , 0       ,
        0       , 0       , 0       , 0       , 0       ],
       [0.5       , 0       , 0.5       , 0       , 0       ,
        0       , 0       , 0       , 0       , 0       ],
       [1.        , 0       , 0       , 0       , 0       ,
        0       , 0       , 0       , 0       , 0       ],
       [1.        , 0       , 0       , 0       , 0       ,
        0       , 0       , 0       , 0       , 0       ],
       [1.        , 0       , 0       , 0       , 0       ,
        0       , 0       , 0       , 0       , 0       ],
       [1.        , 0       , 0       , 0       , 0       ,
        0       , 0       , 0       , 0       , 0       ],
       [1.        , 0       , 0       , 0       , 0       ,
        0       , 0       , 0       , 0       , 0       ]]), ([[0  , 0.125, 0.125, 0.125, 0.125, 0.125, 0  , 0.125, 0.125,
        0.125],
       [0.25 , 0  , 0.25 , 0.25 , 0.25 , 0  , 0  , 0  , 0  ,
        0  ],
       [0.5  , 0.5  , 0  , 0  , 0  , 0  , 0  , 0  , 0  ,
        0  ],
       [0.5  , 0.5  , 0  , 0  , 0  , 0  , 0  , 0  , 0  ,
        0  ],
       [0.5  , 0.5  , 0  , 0  , 0  , 0  , 0  , 0  , 0  ,
        0  ],
       [0.5  , 0  , 0  , 0  , 0  , 0  , 0.5  , 0  , 0  ,
        0  ],
       [0  , 0  , 0  , 0  , 0  , 1.   , 0  , 0  , 0  ,
        0  ],
       [1.   , 0  , 0  , 0  , 0  , 0  , 0  , 0  , 0  ,
        0  ],
       [1.   , 0  , 0  , 0  , 0  , 0  , 0  , 0  , 0  ,
        0  ],
       [1.   , 0  , 0  , 0  , 0  , 0  , 0  , 0  , 0  ,
        0  ]]), ([[0       , 0.11111111, 0.11111111, 0.11111111, 0.11111111,
        0.11111111, 0.11111111, 0.11111111, 0.11111111, 0.11111111],
       [0.33333333, 0       , 0.33333333, 0.33333333, 0       ,
        0       , 0       , 0       , 0       , 0       ],
       [0.5       , 0.5       , 0       , 0       , 0       ,
        0       , 0       , 0       , 0       , 0       ],
       [0.5       , 0.5       , 0       , 0       , 0       ,
        0       , 0       , 0       , 0       , 0       ],
       [0.5       , 0       , 0       , 0       , 0       ,
        0.5       , 0       , 0       , 0       , 0       ],
       [0.5       , 0       , 0       , 0       , 0.5       ,
        0       , 0       , 0       , 0       , 0       ],
       [1.        , 0       , 0       , 0       , 0       ,
        0       , 0       , 0       , 0       , 0       ],
       [1.        , 0       , 0       , 0       , 0       ,
        0       , 0       , 0       , 0       , 0       ],
       [1.        , 0       , 0       , 0       , 0       ,
        0       , 0       , 0       , 0       , 0       ],
       [1.        , 0       , 0       , 0       , 0       ,
        0       , 0       , 0       , 0       , 0       ]]), ([[0       , 0.125     , 0.125     , 0.125     , 0.125     ,
        0.125     , 0       , 0.125     , 0.125     , 0.125     ],
       [0.33333333, 0       , 0.33333333, 0.33333333, 0       ,
        0       , 0       , 0       , 0       , 0       ],
       [0.33333333, 0.33333333, 0       , 0       , 0.33333333,
        0       , 0       , 0       , 0       , 0       ],
       [0.5       , 0.5       , 0       , 0       , 0       ,
        0       , 0       , 0       , 0       , 0       ],
       [0.5       , 0       , 0.5       , 0       , 0       ,
        0       , 0       , 0       , 0       , 0       ],
       [0.5       , 0       , 0       , 0       , 0       ,
        0       , 0.5       , 0       , 0       , 0       ],
       [0       , 0       , 0       , 0       , 0       ,
        1.        , 0       , 0       , 0       , 0       ],
       [1.        , 0       , 0       , 0       , 0       ,
        0       , 0       , 0       , 0       , 0       ],
       [1.        , 0       , 0       , 0       , 0       ,
        0       , 0       , 0       , 0       , 0       ],
       [1.        , 0       , 0       , 0       , 0       ,
        0       , 0       , 0       , 0       , 0       ]]), ([[0       , 0.14285714, 0.14285714, 0.14285714, 0.14285714,
        0       , 0       , 0.14285714, 0.14285714, 0.14285714],
       [0.16666667, 0       , 0.16666667, 0.16666667, 0.16666667,
        0.16666667, 0.16666667, 0       , 0       , 0       ],
       [0.5       , 0.5       , 0       , 0       , 0       ,
        0       , 0       , 0       , 0       , 0       ],
       [0.5       , 0.5       , 0       , 0       , 0       ,
        0       , 0       , 0       , 0       , 0       ],
       [0.5       , 0.5       , 0       , 0       , 0       ,
        0       , 0       , 0       , 0       , 0       ],
       [0       , 1.        , 0       , 0       , 0       ,
        0       , 0       , 0       , 0       , 0       ],
       [0       , 1.        , 0       , 0       , 0       ,
        0       , 0       , 0       , 0       , 0       ],
       [1.        , 0       , 0       , 0       , 0       ,
        0       , 0       , 0       , 0       , 0       ],
       [1.        , 0       , 0       , 0       , 0       ,
        0       , 0       , 0       , 0       , 0       ],
       [1.        , 0       , 0       , 0       , 0       ,
        0       , 0       , 0       , 0       , 0       ]]), ([[0  , 0.125, 0.125, 0.125, 0.125, 0  , 0.125, 0.125, 0.125,
        0.125],
       [0.2  , 0  , 0.2  , 0.2  , 0.2  , 0.2  , 0  , 0  , 0  ,
        0  ],
       [0.5  , 0.5  , 0  , 0  , 0  , 0  , 0  , 0  , 0  ,
        0  ],
       [0.5  , 0.5  , 0  , 0  , 0  , 0  , 0  , 0  , 0  ,
        0  ],
       [0.5  , 0.5  , 0  , 0  , 0  , 0  , 0  , 0  , 0  ,
        0  ],
       [0  , 1.   , 0  , 0  , 0  , 0  , 0  , 0  , 0  ,
        0  ],
       [1.   , 0  , 0  , 0  , 0  , 0  , 0  , 0  , 0  ,
        0  ],
       [1.   , 0  , 0  , 0  , 0  , 0  , 0  , 0  , 0  ,
        0  ],
       [1.   , 0  , 0  , 0  , 0  , 0  , 0  , 0  , 0  ,
        0  ],
       [1.   , 0  , 0  , 0  , 0  , 0  , 0  , 0  , 0  ,
        0  ]]), ([[0       , 0.11111111, 0.11111111, 0.11111111, 0.11111111,
        0.11111111, 0.11111111, 0.11111111, 0.11111111, 0.11111111],
       [0.25      , 0       , 0.25      , 0.25      , 0.25      ,
        0       , 0       , 0       , 0       , 0       ],
       [0.5       , 0.5       , 0       , 0       , 0       ,
        0       , 0       , 0       , 0       , 0       ],
       [0.5       , 0.5       , 0       , 0       , 0       ,
        0       , 0       , 0       , 0       , 0       ],
       [0.5       , 0.5       , 0       , 0       , 0       ,
        0       , 0       , 0       , 0       , 0       ],
       [1.        , 0       , 0       , 0       , 0       ,
        0       , 0       , 0       , 0       , 0       ],
       [1.        , 0       , 0       , 0       , 0       ,
        0       , 0       , 0       , 0       , 0       ],
       [1.        , 0       , 0       , 0       , 0       ,
        0       , 0       , 0       , 0       , 0       ],
       [1.        , 0       , 0       , 0       , 0       ,
        0       , 0       , 0       , 0       , 0       ],
       [1.        , 0       , 0       , 0       , 0       ,
        0       , 0       , 0       , 0       , 0       ]]), ([[0, 0.2, 0.2, 0.2, 0.2, 0, 0, 0, 0.2, 0],
       [0.2, 0, 0.2, 0, 0, 0.2, 0.2, 0.2, 0, 0],
       [0.2, 0.2, 0, 0.2, 0.2, 0, 0, 0, 0, 0.2],
       [0.5, 0, 0.5, 0, 0, 0, 0, 0, 0, 0],
       [0.5, 0, 0.5, 0, 0, 0, 0, 0, 0, 0],
       [0, 1. , 0, 0, 0, 0, 0, 0, 0, 0],
       [0, 1. , 0, 0, 0, 0, 0, 0, 0, 0],
       [0, 1. , 0, 0, 0, 0, 0, 0, 0, 0],
       [1. , 0, 0, 0, 0, 0, 0, 0, 0, 0],
       [0, 0, 1. , 0, 0, 0, 0, 0, 0, 0]]), ([[0       , 0.14285714, 0.14285714, 0.14285714, 0.14285714,
        0       , 0       , 0.14285714, 0.14285714, 0.14285714],
       [0.25      , 0       , 0.25      , 0.25      , 0.25      ,
        0       , 0       , 0       , 0       , 0       ],
       [0.25      , 0.25      , 0       , 0       , 0       ,
        0.25      , 0.25      , 0       , 0       , 0       ],
       [0.5       , 0.5       , 0       , 0       , 0       ,
        0       , 0       , 0       , 0       , 0       ],
       [0.5       , 0.5       , 0       , 0       , 0       ,
        0       , 0       , 0       , 0       , 0       ],
       [0       , 0       , 1.        , 0       , 0       ,
        0       , 0       , 0       , 0       , 0       ],
       [0       , 0       , 1.        , 0       , 0       ,
        0       , 0       , 0       , 0       , 0       ],
       [1.        , 0       , 0       , 0       , 0       ,
        0       , 0       , 0       , 0       , 0       ],
       [1.        , 0       , 0       , 0       , 0       ,
        0       , 0       , 0       , 0       , 0       ],
       [1.        , 0       , 0       , 0       , 0       ,
        0       , 0       , 0       , 0       , 0       ]]), ([[0       , 0.11111111, 0.11111111, 0.11111111, 0.11111111,
        0.11111111, 0.11111111, 0.11111111, 0.11111111, 0.11111111],
       [0.33333333, 0       , 0.33333333, 0.33333333, 0       ,
        0       , 0       , 0       , 0       , 0       ],
       [0.33333333, 0.33333333, 0       , 0       , 0.33333333,
        0       , 0       , 0       , 0       , 0       ],
       [0.5       , 0.5       , 0       , 0       , 0       ,
        0       , 0       , 0       , 0       , 0       ],
       [0.5       , 0       , 0.5       , 0       , 0       ,
        0       , 0       , 0       , 0       , 0       ],
       [1.        , 0       , 0       , 0       , 0       ,
        0       , 0       , 0       , 0       , 0       ],
       [1.        , 0       , 0       , 0       , 0       ,
        0       , 0       , 0       , 0       , 0       ],
       [1.        , 0       , 0       , 0       , 0       ,
        0       , 0       , 0       , 0       , 0       ],
       [1.        , 0       , 0       , 0       , 0       ,
        0       , 0       , 0       , 0       , 0       ],
       [1.        , 0       , 0       , 0       , 0       ,
        0       , 0       , 0       , 0       , 0       ]]), ([[0  , 0.125, 0.125, 0.125, 0.125, 0.125, 0  , 0.125, 0.125,
        0.125],
       [0.25 , 0  , 0.25 , 0.25 , 0.25 , 0  , 0  , 0  , 0  ,
        0  ],
       [0.5  , 0.5  , 0  , 0  , 0  , 0  , 0  , 0  , 0  ,
        0  ],
       [0.5  , 0.5  , 0  , 0  , 0  , 0  , 0  , 0  , 0  ,
        0  ],
       [0.5  , 0.5  , 0  , 0  , 0  , 0  , 0  , 0  , 0  ,
        0  ],
       [0.5  , 0  , 0  , 0  , 0  , 0  , 0.5  , 0  , 0  ,
        0  ],
       [0  , 0  , 0  , 0  , 0  , 1.   , 0  , 0  , 0  ,
        0  ],
       [1.   , 0  , 0  , 0  , 0  , 0  , 0  , 0  , 0  ,
        0  ],
       [1.   , 0  , 0  , 0  , 0  , 0  , 0  , 0  , 0  ,
        0  ],
       [1.   , 0  , 0  , 0  , 0  , 0  , 0  , 0  , 0  ,
        0  ]]), ([[0       , 0.11111111, 0.11111111, 0.11111111, 0.11111111,
        0.11111111, 0.11111111, 0.11111111, 0.11111111, 0.11111111],
       [0.33333333, 0       , 0.33333333, 0.33333333, 0       ,
        0       , 0       , 0       , 0       , 0       ],
       [0.5       , 0.5       , 0       , 0       , 0       ,
        0       , 0       , 0       , 0       , 0       ],
       [0.5       , 0.5       , 0       , 0       , 0       ,
        0       , 0       , 0       , 0       , 0       ],
       [0.5       , 0       , 0       , 0       , 0       ,
        0.5       , 0       , 0       , 0       , 0       ],
       [0.5       , 0       , 0       , 0       , 0.5       ,
        0       , 0       , 0       , 0       , 0       ],
       [1.        , 0       , 0       , 0       , 0       ,
        0       , 0       , 0       , 0       , 0       ],
       [1.        , 0       , 0       , 0       , 0       ,
        0       , 0       , 0       , 0       , 0       ],
       [1.        , 0       , 0       , 0       , 0       ,
        0       , 0       , 0       , 0       , 0       ],
       [1.        , 0       , 0       , 0       , 0       ,
        0       , 0       , 0       , 0       , 0       ]]), ([[0       , 0.125     , 0.125     , 0.125     , 0.125     ,
        0.125     , 0       , 0.125     , 0.125     , 0.125     ],
       [0.33333333, 0       , 0.33333333, 0.33333333, 0       ,
        0       , 0       , 0       , 0       , 0       ],
       [0.33333333, 0.33333333, 0       , 0       , 0.33333333,
        0       , 0       , 0       , 0       , 0       ],
       [0.5       , 0.5       , 0       , 0       , 0       ,
        0       , 0       , 0       , 0       , 0       ],
       [0.5       , 0       , 0.5       , 0       , 0       ,
        0       , 0       , 0       , 0       , 0       ],
       [0.5       , 0       , 0       , 0       , 0       ,
        0       , 0.5       , 0       , 0       , 0       ],
       [0       , 0       , 0       , 0       , 0       ,
        1.        , 0       , 0       , 0       , 0       ],
       [1.        , 0       , 0       , 0       , 0       ,
        0       , 0       , 0       , 0       , 0       ],
       [1.        , 0       , 0       , 0       , 0       ,
        0       , 0       , 0       , 0       , 0       ],
       [1.        , 0       , 0       , 0       , 0       ,
        0       , 0       , 0       , 0       , 0       ]]), ([[0       , 0.14285714, 0.14285714, 0.14285714, 0.14285714,
        0       , 0       , 0.14285714, 0.14285714, 0.14285714],
       [0.16666667, 0       , 0.16666667, 0.16666667, 0.16666667,
        0.16666667, 0.16666667, 0       , 0       , 0       ],
       [0.5       , 0.5       , 0       , 0       , 0       ,
        0       , 0       , 0       , 0       , 0       ],
       [0.5       , 0.5       , 0       , 0       , 0       ,
        0       , 0       , 0       , 0       , 0       ],
       [0.5       , 0.5       , 0       , 0       , 0       ,
        0       , 0       , 0       , 0       , 0       ],
       [0       , 1.        , 0       , 0       , 0       ,
        0       , 0       , 0       , 0       , 0       ],
       [0       , 1.        , 0       , 0       , 0       ,
        0       , 0       , 0       , 0       , 0       ],
       [1.        , 0       , 0       , 0       , 0       ,
        0       , 0       , 0       , 0       , 0       ],
       [1.        , 0       , 0       , 0       , 0       ,
        0       , 0       , 0       , 0       , 0       ],
       [1.        , 0       , 0       , 0       , 0       ,
        0       , 0       , 0       , 0       , 0       ]]), ([[0  , 0.125, 0.125, 0.125, 0.125, 0  , 0.125, 0.125, 0.125,
        0.125],
       [0.2  , 0  , 0.2  , 0.2  , 0.2  , 0.2  , 0  , 0  , 0  ,
        0  ],
       [0.5  , 0.5  , 0  , 0  , 0  , 0  , 0  , 0  , 0  ,
        0  ],
       [0.5  , 0.5  , 0  , 0  , 0  , 0  , 0  , 0  , 0  ,
        0  ],
       [0.5  , 0.5  , 0  , 0  , 0  , 0  , 0  , 0  , 0  ,
        0  ],
       [0  , 1.   , 0  , 0  , 0  , 0  , 0  , 0  , 0  ,
        0  ],
       [1.   , 0  , 0  , 0  , 0  , 0  , 0  , 0  , 0  ,
        0  ],
       [1.   , 0  , 0  , 0  , 0  , 0  , 0  , 0  , 0  ,
        0  ],
       [1.   , 0  , 0  , 0  , 0  , 0  , 0  , 0  , 0  ,
        0  ],
       [1.   , 0  , 0  , 0  , 0  , 0  , 0  , 0  , 0  ,
        0  ]]), ([[0       , 0.11111111, 0.11111111, 0.11111111, 0.11111111,
        0.11111111, 0.11111111, 0.11111111, 0.11111111, 0.11111111],
       [0.25      , 0       , 0.25      , 0.25      , 0.25      ,
        0       , 0       , 0       , 0       , 0       ],
       [0.5       , 0.5       , 0       , 0       , 0       ,
        0       , 0       , 0       , 0       , 0       ],
       [0.5       , 0.5       , 0       , 0       , 0       ,
        0       , 0       , 0       , 0       , 0       ],
       [0.5       , 0.5       , 0       , 0       , 0       ,
        0       , 0       , 0       , 0       , 0       ],
       [1.        , 0       , 0       , 0       , 0       ,
        0       , 0       , 0       , 0       , 0       ],
       [1.        , 0       , 0       , 0       , 0       ,
        0       , 0       , 0       , 0       , 0       ],
       [1.        , 0       , 0       , 0       , 0       ,
        0       , 0       , 0       , 0       , 0       ],
       [1.        , 0       , 0       , 0       , 0       ,
        0       , 0       , 0       , 0       , 0       ],
       [1.        , 0       , 0       , 0       , 0       ,
        0       , 0       , 0       , 0       , 0       ]]), ([[0, 0.2, 0.2, 0.2, 0.2, 0, 0, 0, 0.2, 0],
       [0.2, 0, 0.2, 0, 0, 0.2, 0.2, 0.2, 0, 0],
       [0.2, 0.2, 0, 0.2, 0.2, 0, 0, 0, 0, 0.2],
       [0.5, 0, 0.5, 0, 0, 0, 0, 0, 0, 0],
       [0.5, 0, 0.5, 0, 0, 0, 0, 0, 0, 0],
       [0, 1. , 0, 0, 0, 0, 0, 0, 0, 0],
       [0, 1. , 0, 0, 0, 0, 0, 0, 0, 0],
       [0, 1. , 0, 0, 0, 0, 0, 0, 0, 0],
       [1. , 0, 0, 0, 0, 0, 0, 0, 0, 0],
       [0, 0, 1. , 0, 0, 0, 0, 0, 0, 0]]), ([[0       , 0.14285714, 0.14285714, 0.14285714, 0.14285714,
        0       , 0       , 0.14285714, 0.14285714, 0.14285714],
       [0.25      , 0       , 0.25      , 0.25      , 0.25      ,
        0       , 0       , 0       , 0       , 0       ],
       [0.25      , 0.25      , 0       , 0       , 0       ,
        0.25      , 0.25      , 0       , 0       , 0       ],
       [0.5       , 0.5       , 0       , 0       , 0       ,
        0       , 0       , 0       , 0       , 0       ],
       [0.5       , 0.5       , 0       , 0       , 0       ,
        0       , 0       , 0       , 0       , 0       ],
       [0       , 0       , 1.        , 0       , 0       ,
        0       , 0       , 0       , 0       , 0       ],
       [0       , 0       , 1.        , 0       , 0       ,
        0       , 0       , 0       , 0       , 0       ],
       [1.        , 0       , 0       , 0       , 0       ,
        0       , 0       , 0       , 0       , 0       ],
       [1.        , 0       , 0       , 0       , 0       ,
        0       , 0       , 0       , 0       , 0       ],
       [1.        , 0       , 0       , 0       , 0       ,
        0       , 0       , 0       , 0       , 0       ]]), ([[0       , 0.11111111, 0.11111111, 0.11111111, 0.11111111,
        0.11111111, 0.11111111, 0.11111111, 0.11111111, 0.11111111],
       [0.33333333, 0       , 0.33333333, 0.33333333, 0       ,
        0       , 0       , 0       , 0       , 0       ],
       [0.33333333, 0.33333333, 0       , 0       , 0.33333333,
        0       , 0       , 0       , 0       , 0       ],
       [0.5       , 0.5       , 0       , 0       , 0       ,
        0       , 0       , 0       , 0       , 0       ],
       [0.5       , 0       , 0.5       , 0       , 0       ,
        0       , 0       , 0       , 0       , 0       ],
       [1.        , 0       , 0       , 0       , 0       ,
        0       , 0       , 0       , 0       , 0       ],
       [1.        , 0       , 0       , 0       , 0       ,
        0       , 0       , 0       , 0       , 0       ],
       [1.        , 0       , 0       , 0       , 0       ,
        0       , 0       , 0       , 0       , 0       ],
       [1.        , 0       , 0       , 0       , 0       ,
        0       , 0       , 0       , 0       , 0       ],
       [1.        , 0       , 0       , 0       , 0       ,
        0       , 0       , 0       , 0       , 0       ]]), ([[0  , 0.125, 0.125, 0.125, 0.125, 0.125, 0  , 0.125, 0.125,
        0.125],
       [0.25 , 0  , 0.25 , 0.25 , 0.25 , 0  , 0  , 0  , 0  ,
        0  ],
       [0.5  , 0.5  , 0  , 0  , 0  , 0  , 0  , 0  , 0  ,
        0  ],
       [0.5  , 0.5  , 0  , 0  , 0  , 0  , 0  , 0  , 0  ,
        0  ],
       [0.5  , 0.5  , 0  , 0  , 0  , 0  , 0  , 0  , 0  ,
        0  ],
       [0.5  , 0  , 0  , 0  , 0  , 0  , 0.5  , 0  , 0  ,
        0  ],
       [0  , 0  , 0  , 0  , 0  , 1.   , 0  , 0  , 0  ,
        0  ],
       [1.   , 0  , 0  , 0  , 0  , 0  , 0  , 0  , 0  ,
        0  ],
       [1.   , 0  , 0  , 0  , 0  , 0  , 0  , 0  , 0  ,
        0  ],
       [1.   , 0  , 0  , 0  , 0  , 0  , 0  , 0  , 0  ,
        0  ]]), ([[0       , 0.11111111, 0.11111111, 0.11111111, 0.11111111,
        0.11111111, 0.11111111, 0.11111111, 0.11111111, 0.11111111],
       [0.33333333, 0       , 0.33333333, 0.33333333, 0       ,
        0       , 0       , 0       , 0       , 0       ],
       [0.5       , 0.5       , 0       , 0       , 0       ,
        0       , 0       , 0       , 0       , 0       ],
       [0.5       , 0.5       , 0       , 0       , 0       ,
        0       , 0       , 0       , 0       , 0       ],
       [0.5       , 0       , 0       , 0       , 0       ,
        0.5       , 0       , 0       , 0       , 0       ],
       [0.5       , 0       , 0       , 0       , 0.5       ,
        0       , 0       , 0       , 0       , 0       ],
       [1.        , 0       , 0       , 0       , 0       ,
        0       , 0       , 0       , 0       , 0       ],
       [1.        , 0       , 0       , 0       , 0       ,
        0       , 0       , 0       , 0       , 0       ],
       [1.        , 0       , 0       , 0       , 0       ,
        0       , 0       , 0       , 0       , 0       ],
       [1.        , 0       , 0       , 0       , 0       ,
        0       , 0       , 0       , 0       , 0       ]]), ([[0       , 0.125     , 0.125     , 0.125     , 0.125     ,
        0.125     , 0       , 0.125     , 0.125     , 0.125     ],
       [0.33333333, 0       , 0.33333333, 0.33333333, 0       ,
        0       , 0       , 0       , 0       , 0       ],
       [0.33333333, 0.33333333, 0       , 0       , 0.33333333,
        0       , 0       , 0       , 0       , 0       ],
       [0.5       , 0.5       , 0       , 0       , 0       ,
        0       , 0       , 0       , 0       , 0       ],
       [0.5       , 0       , 0.5       , 0       , 0       ,
        0       , 0       , 0       , 0       , 0       ],
       [0.5       , 0       , 0       , 0       , 0       ,
        0       , 0.5       , 0       , 0       , 0       ],
       [0       , 0       , 0       , 0       , 0       ,
        1.        , 0       , 0       , 0       , 0       ],
       [1.        , 0       , 0       , 0       , 0       ,
        0       , 0       , 0       , 0       , 0       ],
       [1.        , 0       , 0       , 0       , 0       ,
        0       , 0       , 0       , 0       , 0       ],
       [1.        , 0       , 0       , 0       , 0       ,
        0       , 0       , 0       , 0       , 0       ]]), ([[0       , 0.14285714, 0.14285714, 0.14285714, 0.14285714,
        0       , 0       , 0.14285714, 0.14285714, 0.14285714],
       [0.16666667, 0       , 0.16666667, 0.16666667, 0.16666667,
        0.16666667, 0.16666667, 0       , 0       , 0       ],
       [0.5       , 0.5       , 0       , 0       , 0       ,
        0       , 0       , 0       , 0       , 0       ],
       [0.5       , 0.5       , 0       , 0       , 0       ,
        0       , 0       , 0       , 0       , 0       ],
       [0.5       , 0.5       , 0       , 0       , 0       ,
        0       , 0       , 0       , 0       , 0       ],
       [0       , 1.        , 0       , 0       , 0       ,
        0       , 0       , 0       , 0       , 0       ],
       [0       , 1.        , 0       , 0       , 0       ,
        0       , 0       , 0       , 0       , 0       ],
       [1.        , 0       , 0       , 0       , 0       ,
        0       , 0       , 0       , 0       , 0       ],
       [1.        , 0       , 0       , 0       , 0       ,
        0       , 0       , 0       , 0       , 0       ],
       [1.        , 0       , 0       , 0       , 0       ,
        0       , 0       , 0       , 0       , 0       ]]), ([[0  , 0.125, 0.125, 0.125, 0.125, 0  , 0.125, 0.125, 0.125,
        0.125],
       [0.2  , 0  , 0.2  , 0.2  , 0.2  , 0.2  , 0  , 0  , 0  ,
        0  ],
       [0.5  , 0.5  , 0  , 0  , 0  , 0  , 0  , 0  , 0  ,
        0  ],
       [0.5  , 0.5  , 0  , 0  , 0  , 0  , 0  , 0  , 0  ,
        0  ],
       [0.5  , 0.5  , 0  , 0  , 0  , 0  , 0  , 0  , 0  ,
        0  ],
       [0  , 1.   , 0  , 0  , 0  , 0  , 0  , 0  , 0  ,
        0  ],
       [1.   , 0  , 0  , 0  , 0  , 0  , 0  , 0  , 0  ,
        0  ],
       [1.   , 0  , 0  , 0  , 0  , 0  , 0  , 0  , 0  ,
        0  ],
       [1.   , 0  , 0  , 0  , 0  , 0  , 0  , 0  , 0  ,
        0  ],
       [1.   , 0  , 0  , 0  , 0  , 0  , 0  , 0  , 0  ,
        0  ]])]
